10 0.001 1 1.038109153981938 0.9540975192623504 0.14464996551170178
10 0.001 2 0.9198321823730615 0.9081374733837984 0.14480569875606367
10 0.001 3 0.8917257389012906 0.8918516297065364 0.14482508700161284
10 0.001 4 0.8788923643306155 0.8837208128623424 0.14482153084643937
10 0.001 5 0.8715847919978628 0.8790347584173357 0.1448189247401937
10 0.001 6 0.8669187400508774 0.8760979336333318 0.14481417737185553
10 0.001 7 0.863707724609072 0.8741495706328467 0.1448086398424256
10 0.001 8 0.8613693598052358 0.8727978246752398 0.14481396021146709
10 0.001 9 0.8595815598628153 0.8718191769662456 0.1448066257724447
10 0.001 10 0.8581485710464499 0.871074231964724 0.14480432253237016
10 0.02 1 1.038070261238266 0.9507232549681158 0.14465860181361997
10 0.02 2 0.9193694128991188 0.9061469447583019 0.14478113022438274
10 0.02 3 0.891516499288328 0.8903370056245481 0.14481692866529808
10 0.02 4 0.8787990197940583 0.8824398200160162 0.14483454272771276
10 0.02 5 0.8715691763688063 0.877883668032942 0.14483288102395525
10 0.02 6 0.8669684511429239 0.8750247405796988 0.1448303151147207
10 0.02 7 0.8638205485159931 0.873127009359378 0.14481677279481567
10 0.02 8 0.8615495444656585 0.8718133075658787 0.14481664311878925
10 0.02 9 0.8598395858118422 0.8708712244797748 0.14481494638907597
10 0.02 10 0.8585023855442421 0.8701719370061854 0.14480941184578733
10 0.1 1 1.0452096033672347 0.9500718649731307 0.1447534659316109
10 0.1 2 0.9265522807642746 0.9090774567595463 0.1448428255307253
10 0.1 3 0.8993541980880745 0.8943746952398056 0.14486999225812336
10 0.1 4 0.8868372738074287 0.8870115912722625 0.14489412433138305
10 0.1 5 0.8796848524837101 0.8827326036575052 0.14489693173588256
10 0.1 6 0.8751108268231108 0.8800119115091778 0.14489700139528355
10 0.1 7 0.8719685015327963 0.8781719358567314 0.14488991084475744
10 0.1 8 0.8696980939257063 0.8768693376979686 0.144887495777805
10 0.1 9 0.8679942719142848 0.8759134774141201 0.1448899620152122
10 0.1 10 0.8666768159667568 0.8751910831318185 0.1448927272202505
10 1.0 1 1.4199838933594395 1.3874781001027776 0.14465275351704507
10 1.0 2 1.3638623428738976 1.3546115169612587 0.14479293241386862
10 1.0 3 1.3459482392569286 1.3429962164499605 0.14483147942423763
10 1.0 4 1.3371017925480773 1.3368285436206133 0.14484331295805492
10 1.0 5 1.3317749602691642 1.3330284790758362 0.1448570668823627
10 1.0 6 1.328244828107069 1.3304898141879369 0.144866505871639
10 1.0 7 1.325762433745717 1.328704092964693 0.1448750900011774
10 1.0 8 1.3239441664791445 1.3274020731718101 0.14487949190610497
10 1.0 9 1.3225719170517383 1.3264271885464167 0.14488388683077952
10 1.0 10 1.3215122230703402 1.3256821108569636 0.14488639832052674
20 0.001 1 1.072106616041423 0.982718166397296 0.14332265567015956
20 0.001 2 0.9387996497221281 0.9282037411771094 0.1438691497305863
20 0.001 3 0.9063849116649106 0.9082809555327755 0.14411364397529888
20 0.001 4 0.8905603266125693 0.8976614134151423 0.14425122910258367
20 0.001 5 0.8809127617746888 0.8911516169604167 0.14431861215397568
20 0.001 6 0.874358876966557 0.8868256564025904 0.14437576010401415
20 0.001 7 0.8695843586252842 0.8837906317451648 0.1444172826165111
20 0.001 8 0.8659222123730774 0.8815722197715693 0.14444909715981372
20 0.001 9 0.8629923126649228 0.879892043659017 0.14446968886036857
20 0.001 10 0.8605573884932918 0.8785721731202497 0.14447701514713235
20 0.02 1 1.0682467706487664 0.979726730000206 0.1434147594379048
20 0.02 2 0.9361882747742487 0.925922660427994 0.14395110111672507
20 0.02 3 0.904388046359175 0.9062823677674006 0.14415766099974153
20 0.02 4 0.8889628990160805 0.895774665675774 0.1442748940206334
20 0.02 5 0.8796046993876847 0.8892984049868309 0.14434862605865909
20 0.02 6 0.8732833394628593 0.8849641984557962 0.14439596313292583
20 0.02 7 0.8687107579799361 0.8818971257465559 0.14442466728400022
20 0.02 8 0.8652352691074892 0.87963399252077 0.1444592586170526
20 0.02 9 0.8624875793765612 0.8779051164513425 0.14447835511955487
20 0.02 10 0.8602398329937906 0.8765409203702595 0.14449118856154342
20 0.1 1 1.0579472522315756 0.9849735862861198 0.14353001694682974
20 0.1 2 0.9337437283583409 0.9280902431840844 0.14404274874432269
20 0.1 3 0.9037666612449274 0.9080661387860424 0.14426559443111825
20 0.1 4 0.8896768918074641 0.8974768449019961 0.14438739437942008
20 0.1 5 0.881332347353059 0.8909749760181577 0.14447092495759248
20 0.1 6 0.8758338321477239 0.8866280631736739 0.1445324176822803
20 0.1 7 0.8719652287470053 0.8835533515954928 0.14457757067381005
20 0.1 8 0.8691181032362125 0.8812883070294064 0.14460674593570647
20 0.1 9 0.8669522913399146 0.8795671195720607 0.14463269683157554
20 0.1 10 0.865262157679957 0.8782263704698234 0.14464684903007596
20 1.0 1 1.2269625084055515 1.327568427798058 0.14336856978573678
20 1.0 2 1.260673681693939 1.2940478939935962 0.14402329222132884
20 1.0 3 1.2699510928237872 1.2932293762309601 0.14430529917631096
20 1.0 4 1.2783831764658107 1.2957456072860114 0.14445541704057466
20 1.0 5 1.2845997320733422 1.298599329653367 0.14454471131884347
20 1.0 6 1.289316224396304 1.301236631658477 0.14460765069082435
20 1.0 7 1.293021444495291 1.3035641480695228 0.1446422772153158
20 1.0 8 1.296015601707246 1.3055954515609434 0.14467934891098588
20 1.0 9 1.2984886909766309 1.3073673034822328 0.14470658186533916
20 1.0 10 1.3005663844513606 1.3089174484089257 0.14473267743007553
30 0.001 1 1.2646628199174828 1.086413760897947 0.1425217881478526
30 0.001 2 0.999731164861402 0.9883403806901254 0.14326443793850482
30 0.001 3 0.945953316319168 0.9533131682381445 0.14361814615086138
30 0.001 4 0.9203536942441354 0.9342734055538765 0.14379957932823123
30 0.001 5 0.9046518788389518 0.9222843630068122 0.1439304984136225
30 0.001 6 0.8938628526665434 0.9140727545018136 0.14402453895274517
30 0.001 7 0.8858938626811492 0.9081175973408568 0.1440793089319383
30 0.001 8 0.879686704440557 0.9036048654782057 0.14411860130658186
30 0.001 9 0.8746380331314468 0.900052482011547 0.14415644921539575
30 0.001 10 0.8703702791823813 0.8971500028947452 0.14417458664143218
30 0.02 1 1.257861769618754 1.083114901489794 0.14262841764297135
30 0.02 2 0.9957315296194789 0.9851988388120332 0.14335323866167296
30 0.02 3 0.9430198787549802 0.9502362682099756 0.14370034048346333
30 0.02 4 0.918087685927874 0.9311979901304918 0.1438780326110852
30 0.02 5 0.9028675722420089 0.9191692467964541 0.14399921815116704
30 0.02 6 0.8924648997841996 0.9108962287815868 0.14409804200736895
30 0.02 7 0.8848341767956398 0.9048718881510702 0.1441688481296353
30 0.02 8 0.8789460907706635 0.9002933954260791 0.1442241981842553
30 0.02 9 0.8742182642617918 0.8966895311699251 0.1442527602996931
30 0.02 10 0.8702911971380591 0.8937616915049791 0.14427173507885224
30 0.1 1 1.2421485548229796 1.0818251648515989 0.14282836922011657
30 0.1 2 0.9900221062175731 0.9831346003306388 0.1434673506418463
30 0.1 3 0.9404979314626837 0.9487242840161674 0.1437871216203127
30 0.1 4 0.9178430858557014 0.930193442559247 0.14396317263562725
30 0.1 5 0.9043294021306634 0.9185589224839958 0.14409142393700505
30 0.1 6 0.8952862002812845 0.910579979580634 0.14420712790982057
30 0.1 7 0.8887913098401881 0.9047722937541187 0.14427136723442768
30 0.1 8 0.8838915397031053 0.9003557847786778 0.1443331902485255
30 0.1 9 0.8800572274283955 0.8968811474146104 0.14437125907295206
30 0.1 10 0.8769698316330047 0.8940717389038539 0.14440917466917577
30 1.0 1 1.2863248246218633 1.3618173793696962 0.14292788641854795
30 1.0 2 1.2577781357608702 1.308181877688809 0.14353046060863847
30 1.0 3 1.2642066686537723 1.3009318210159688 0.14385283822535846
30 1.0 4 1.272192298994366 1.2995964066499437 0.14407857863122076
30 1.0 5 1.278045173894327 1.2998532990308893 0.1442361085296726
30 1.0 6 1.2824721952321596 1.3006970750885192 0.14434251464546421
30 1.0 7 1.286008731228015 1.301789758804428 0.14443625844037652
30 1.0 8 1.2889619673233976 1.302987229389394 0.14451630048711867
30 1.0 9 1.2915073914982882 1.3042175631757147 0.14457192538319366
30 1.0 10 1.29374898663331 1.3054408262496184 0.14461134065209053
60 0.001 1 1.9239828295843129 1.3707464220379015 0.14182753512648913
60 0.001 2 1.1974256523227718 1.1879769444697792 0.1425630228767666
60 0.001 3 1.0794337011039103 1.1107027976629635 0.14289036417975093
60 0.001 4 1.0181359778507548 1.0623408870032403 0.14310843553263022
60 0.001 5 0.9769055126876524 1.028239784114865 0.14325477531080108
60 0.001 6 0.9471283893128789 1.0035587631444092 0.14336674868561325
60 0.001 7 0.925152683141442 0.9854100811569998 0.14343642918732014
60 0.001 8 0.9085186926460763 0.9717267387773985 0.14348693911093816
60 0.001 9 0.8955091673538235 0.9611035488614481 0.14351047593898317
60 0.001 10 0.8849706982875155 0.9526022477376562 0.14353953372729786
60 0.02 1 1.9148414935638731 1.3641937851582304 0.14205668411849065
60 0.02 2 1.1913085569600435 1.1806777950925231 0.14274343680064575
60 0.02 3 1.0758072705871238 1.1038166933490592 0.14307918643338105
60 0.02 4 1.0171034052818242 1.0564341154283503 0.14328212823885944
60 0.02 5 0.9779871360972662 1.0228470334342803 0.14342420097172748
60 0.02 6 0.949312660200544 0.9979504895444128 0.1435313605685998
60 0.02 7 0.9277168133562945 0.9792553156058635 0.1436133734681675
60 0.02 8 0.9112160766441809 0.9649825983269658 0.14368322915828532
60 0.02 9 0.8983345209158097 0.9538270777743374 0.143729604519895
60 0.02 10 0.8880007568072471 0.9448753045383883 0.14377920756551327
60 0.1 1 1.8882509745724665 1.3537632777397575 0.14240794090391806
60 0.1 2 1.1803191172777194 1.1726852133439551 0.14299574555570113
60 0.1 3 1.0737725755866545 1.0998429234604086 0.14323341843228904
60 0.1 4 1.0232329319358235 1.0573038917279753 0.14341398617083465
60 0.1 5 0.9918779030919413 1.028484737247674 0.14353072505875578
60 0.1 6 0.9698021445106488 1.0071468120305966 0.14364068963549137
60 0.1 7 0.9530162956500399 0.9904339454531814 0.14371941863056437
60 0.1 8 0.939639954877468 0.9768857869740085 0.14378101835976198
60 0.1 9 0.9286857215905637 0.9656723468471236 0.14384639004097874
60 0.1 10 0.9195674063224754 0.9562607887074454 0.14389978204672269
60 1.0 1 1.7830083258796465 1.531219105933026 0.14267635756011576
60 1.0 2 1.381451918302686 1.4395532031429805 0.14278915672674833
60 1.0 3 1.3636413869645194 1.4130402296535587 0.1429556247573003
60 1.0 4 1.356210124025047 1.3950962101105513 0.14316333010575968
60 1.0 5 1.3483789811449016 1.380329591803128 0.1434004284586946
60 1.0 6 1.3404700233205948 1.36783535386034 0.1435789399070575
60 1.0 7 1.3331410824525123 1.3573262749276642 0.14375015909671585
60 1.0 8 1.3267263768950661 1.348583368460878 0.14390349248788425
60 1.0 9 1.321327404901656 1.3413898908740645 0.14403209282695678
60 1.0 10 1.3169200890479642 1.3355355853383044 0.14414080697377415
