10 0.001 1 1.0378207655051475 0.9529446665627072 0.14459894627863099
10 0.001 2 0.9196638686870217 0.9075923832032772 0.14475115624466625
10 0.001 3 0.8916566994625439 0.89150931583883 0.1447655754090578
10 0.001 4 0.8788605979563235 0.8834901837658996 0.14476057394566122
10 0.001 5 0.8715823202023917 0.8788750585305614 0.1447723111294916
10 0.001 6 0.8669439676215266 0.8759883075901577 0.14477389408341115
10 0.001 7 0.86376109284596 0.8740802862036287 0.14478684542725753
10 0.001 8 0.8614539301766834 0.8727667630551661 0.1447881750747796
10 0.001 9 0.8597040321678133 0.8718305860173073 0.14478257962498886
10 0.001 10 0.8583204918289239 0.8711387804267797 0.14477762486495782
10 0.02 1 1.0387054572484171 0.951399588526898 0.14469324732380887
10 0.02 2 0.9198009495035614 0.9063580926471264 0.1448478718417855
10 0.02 3 0.8917400053032684 0.890399560536103 0.1448654089744824
10 0.02 4 0.8789312741549046 0.8824303999237508 0.14486265731219677
10 0.02 5 0.871655376044727 0.8778375562771985 0.14486151003983389
10 0.02 6 0.8670287305537092 0.8749593235765313 0.1448657916461425
10 0.02 7 0.8638646277309844 0.8730512990135852 0.14486688364696582
10 0.02 8 0.861582508504749 0.8717321785175203 0.14486844701392662
10 0.02 9 0.8598642077183134 0.8707873104916944 0.14486420147968257
10 0.02 10 0.8585201007961101 0.8700865105822758 0.1448601515978607
10 0.1 1 1.0458099984139753 0.9504840821608396 0.1447936678856575
10 0.1 2 0.9264527056072996 0.9093446921965586 0.14486848585757325
10 0.1 3 0.8991925703428351 0.8945880291422268 0.14488507542530898
10 0.1 4 0.8866773756098496 0.8871925471505111 0.14489503416824462
10 0.1 5 0.8795466276328 0.8828894143926539 0.14489489876347666
10 0.1 6 0.8749977282866273 0.8801493368330134 0.14489347591998228
10 0.1 7 0.8718786494230474 0.8782936129598521 0.14488926056195478
10 0.1 8 0.8696281408401106 0.8769780935514261 0.14489187171497786
10 0.1 9 0.8679407823436392 0.8760114640961469 0.14489056154083024
10 0.1 10 0.8666367461051582 0.8752799503130151 0.14488610192637097
10 1.0 1 1.4199070087311103 1.3880661481380026 0.14463802227983116
10 1.0 2 1.3634918243333172 1.3542081985192038 0.14477351122236964
10 1.0 3 1.345634658105683 1.3425215065875609 0.1448306961581405
10 1.0 4 1.3368553213432133 1.336384732111374 0.1448518774672052
10 1.0 5 1.3315754531186772 1.3326312264769622 0.1448684065846889
10 1.0 6 1.3280805484788432 1.3301385470438705 0.14487618803131705
10 1.0 7 1.3256260724719169 1.3283944262449376 0.14488454015218308
10 1.0 8 1.323830545256577 1.3271288529821896 0.14488814225758237
10 1.0 9 1.322477053649712 1.3261854806333246 0.14489338674659108
10 1.0 10 1.3214329248542942 1.3254675401948468 0.14489179772079236
20 0.001 1 1.0711731379334977 0.9827046710089448 0.1433018423866157
20 0.001 2 0.9388485144174973 0.9284064141842531 0.14385452323348752
20 0.001 3 0.9064338358206535 0.9083950490576397 0.1441233782831213
20 0.001 4 0.8906005032084361 0.8977519463313481 0.144261289301422
20 0.001 5 0.8809515102353022 0.8912408539394635 0.1443293305383205
20 0.001 6 0.8743971289252714 0.8869199679730818 0.14438920085220994
20 0.001 7 0.869622398642771 0.8838920973357401 0.1444176647400056
20 0.001 8 0.865961182598149 0.8816825355831592 0.1444436331843181
20 0.001 9 0.8630345819386686 0.8800139253629483 0.14446792019103608
20 0.001 10 0.8606068091946761 0.8787100318054667 0.14448142087908628
20 0.02 1 1.0673434995996902 0.9806730941037846 0.143345681579252
20 0.02 2 0.936247759319975 0.9258889553016592 0.14392150601737433
20 0.02 3 0.9044564900774137 0.9060906469650007 0.14418789042033098
20 0.02 4 0.8890565255860915 0.8955570713285091 0.1443215998515681
20 0.02 5 0.8797107134922495 0.8890799712258227 0.1444014510372661
20 0.02 6 0.8733894917469178 0.8847486715542191 0.14446347156073286
20 0.02 7 0.8688080086803888 0.8816822827861851 0.1445057640888427
20 0.02 8 0.8653157080827832 0.8794144268180194 0.14453920230367512
20 0.02 9 0.8625424239636417 0.8776723333495621 0.14455646168595718
20 0.02 10 0.8602578120560577 0.8762827061842408 0.14457804409180816
20 0.1 1 1.0571605794686134 0.98316632808686 0.14353339705839083
20 0.1 2 0.9333825733080866 0.9269001929178154 0.14406800846580714
20 0.1 3 0.9036218515748435 0.9071084945011103 0.14427226897976553
20 0.1 4 0.8896061295241191 0.896669048663122 0.14439955662606954
20 0.1 5 0.8812901622726242 0.890276937803349 0.14447983492588826
20 0.1 6 0.875801737134058 0.8860144271712825 0.14455025042871048
20 0.1 7 0.8719347528195561 0.8830069224872489 0.14459487040990182
20 0.1 8 0.8690850992364237 0.8807968186959388 0.14462606257408706
20 0.1 9 0.8669145782836235 0.8791213505701889 0.14465736522929626
20 0.1 10 0.8652184255076477 0.8778190130644722 0.1446728831429047
20 1.0 1 1.2271168600785105 1.3266302404570192 0.14344937633130553
20 1.0 2 1.2608765904641839 1.293058005094589 0.1440552288497051
20 1.0 3 1.2700322011592113 1.2922684282948793 0.14430163450918812
20 1.0 4 1.278419333164082 1.29495176727539 0.14443144095983146
20 1.0 5 1.2846212193479485 1.297987769633441 0.14452987102631198
20 1.0 6 1.2893341912842273 1.3007816424416463 0.1445942174937353
20 1.0 7 1.2930396804152458 1.3032336334521766 0.14464097289622543
20 1.0 8 1.2960351315752783 1.3053609630323468 0.14467805661888308
20 1.0 9 1.2985095448293544 1.3072059734522832 0.1447078841902841
20 1.0 10 1.3005882694830844 1.3088115418784982 0.14473182027803014
30 0.001 1 1.2636016040442994 1.0879940644818804 0.14245365597535553
30 0.001 2 0.9998448401119149 0.9895020576024022 0.14322622272274105
30 0.001 3 0.9460618272083255 0.9541567321879075 0.1435811680677749
30 0.001 4 0.9204590713326997 0.9349618752828205 0.1437683621261816
30 0.001 5 0.90476703501366 0.9228928173816484 0.14389265674645949
30 0.001 6 0.8939964701799306 0.9146438792078562 0.1439747841590185
30 0.001 7 0.886056326150567 0.9086815488171509 0.14405011746380775
30 0.001 8 0.8798923099820514 0.9041882768840901 0.1440911759463986
30 0.001 9 0.8749066097730058 0.9006835412586576 0.14413042070255064
30 0.001 10 0.8707287831284071 0.8978616622094899 0.14415346400605228
30 0.02 1 1.2592904735098052 1.0839184587646105 0.1426194584426141
30 0.02 2 0.9960239099558315 0.9856758399265941 0.14328899325784247
30 0.02 3 0.9430534243322699 0.9505831022745299 0.14361982838366724
30 0.02 4 0.9180272694556273 0.931492161290387 0.1438120187823921
30 0.02 5 0.9027654316384321 0.9194412428149821 0.14392929139072566
30 0.02 6 0.8923438097738791 0.9111537777468788 0.14402865154174518
30 0.02 7 0.8847033328392905 0.9051130991121633 0.1440820471138708
30 0.02 8 0.8788073618733357 0.900512237932594 0.14413759479980345
30 0.02 9 0.8740689261539655 0.8968777072284203 0.14417712280353095
30 0.02 10 0.8701250612936523 0.8939090543086857 0.1442213041125707
30 0.1 1 1.238729015323699 1.0838746666615107 0.14281989987777532
30 0.1 2 0.9896119563271838 0.9842694140543531 0.14348530399579534
30 0.1 3 0.9402707793184522 0.9493171530123424 0.14378080856512598
30 0.1 4 0.9176682066163232 0.9305226212398094 0.14396214339889207
30 0.1 5 0.9041837822153294 0.9187530786120868 0.1440897365546716
30 0.1 6 0.8951597498852433 0.9107049785247773 0.14418473721149075
30 0.1 7 0.8886785235353238 0.9048640565038043 0.14423842490771763
30 0.1 8 0.8837890642949239 0.9004343675545973 0.1442985869337141
30 0.1 9 0.879962834729627 0.8969575957646283 0.14434394392587913
30 0.1 10 0.8768818983181839 0.8941517556727868 0.14438078667724263
30 1.0 1 1.2863463951400067 1.3636025875327378 0.14287915804425222
30 1.0 2 1.2577005853423253 1.3086555718215493 0.1434767622338964
30 1.0 3 1.2642061102977242 1.3013748450755054 0.14379841733312174
30 1.0 4 1.2722383970294637 1.3000056281041465 0.1440455286415338
30 1.0 5 1.2780985603415875 1.300201287315163 0.14422020277315165
30 1.0 6 1.2825181412325086 1.300983212613086 0.14433729342041465
30 1.0 7 1.2860444316889839 1.3020244287923177 0.14442166830861397
30 1.0 8 1.2889886443230014 1.3031819713259618 0.14450172519668456
30 1.0 9 1.2915271362221403 1.3043818255658277 0.14455896720892922
30 1.0 10 1.2937637207266117 1.3055815892666405 0.14461287892543395
60 0.001 1 1.9249150412350307 1.3709181294244857 0.14192564932869836
60 0.001 2 1.1977792916641297 1.1877183632784234 0.14265493648044975
60 0.001 3 1.0798864991167358 1.110420502407302 0.14299809181606982
60 0.001 4 1.018915054704351 1.0622107321855563 0.14318746062311966
60 0.001 5 0.9778701942695942 1.0280873178331043 0.1433213686567254
60 0.001 6 0.9480038725088094 1.0032166244652576 0.14342640203769116
60 0.001 7 0.9257979271893412 0.9848408523598773 0.14350502773596982
60 0.001 8 0.9089102056920761 0.9709456483616768 0.14354451205656038
60 0.001 9 0.8956590365676729 0.9601318389482497 0.14358685025997384
60 0.001 10 0.8848932445398418 0.9514580883987348 0.14361026459997206
60 0.02 1 1.9141065936551356 1.3645511476032406 0.1420179917046766
60 0.02 2 1.1916008071717687 1.1819512211847083 0.1427319672898692
60 0.02 3 1.0763605164031087 1.1056665975863469 0.14307026896353914
60 0.02 4 1.0177940766071718 1.0586258314851926 0.1432590234678307
60 0.02 5 0.9787579092439145 1.0251704549998306 0.14340115011112545
60 0.02 6 0.9500825355758006 1.0002216950220653 0.1435012463102115
60 0.02 7 0.9284265587843904 0.9813767939525059 0.143582875636552
60 0.02 8 0.9118553449359565 0.9669342326602494 0.14364587385766808
60 0.02 9 0.8989242423185663 0.95562773901061 0.14367777794032258
60 0.02 10 0.8885725153919694 0.9465581245321859 0.14372262929532087
60 0.1 1 1.8863604439932098 1.3527295407625792 0.1423844682464107
60 0.1 2 1.179639757565358 1.1721746175378644 0.14295686516228018
60 0.1 3 1.0733391134483208 1.099381542543298 0.14323062861969696
60 0.1 4 1.0226973807695938 1.0567187991384572 0.14339499052049096
60 0.1 5 0.991119659492111 1.0277065688483187 0.1435157944778155
60 0.1 6 0.9688012384073174 1.006177370712235 0.14361540964414402
60 0.1 7 0.9518119798518028 0.9893254659693499 0.14369394011657852
60 0.1 8 0.9383027050531203 0.9757103004695051 0.14376531363914405
60 0.1 9 0.9272889629461443 0.9644938642993 0.14382918848699744
60 0.1 10 0.9181684086309589 0.9551221355699487 0.1438867594311263
60 1.0 1 1.7858091739055797 1.5329461574581298 0.14267034499299594
60 1.0 2 1.3814241468501396 1.4382292378675883 0.14276731316351907
60 1.0 3 1.3633857370810507 1.4109060187491949 0.1429698076367369
60 1.0 4 1.3559475985276008 1.3928625126146874 0.1431828098971291
60 1.0 5 1.3481478111881144 1.3781953696896505 0.14341610206021
60 1.0 6 1.3402728339364764 1.365854678590812 0.14363414677303915
60 1.0 7 1.332973700046948 1.3555088278271918 0.14379945909789518
60 1.0 8 1.3265840009144967 1.3469248771021478 0.14394462861026044
60 1.0 9 1.3212059863016952 1.3398821656048001 0.1440489354299029
60 1.0 10 1.3168164546935919 1.334169614656336 0.14415022760994342
