10 0.001 1 1.038897475808149 0.9535744853509668 0.1445997696690792
10 0.001 2 0.919758966779437 0.907926139529857 0.14478049813688443
10 0.001 3 0.89172138960246 0.8917577445135311 0.1448301511627641
10 0.001 4 0.878898947443764 0.8836728419855177 0.14482121327561137
10 0.001 5 0.8715911094326924 0.879004330415392 0.14481783196898468
10 0.001 6 0.8669238604455549 0.8760724820029123 0.14481844988071949
10 0.001 7 0.8637113445184087 0.8741225317079739 0.14480734773858528
10 0.001 8 0.8613702430499458 0.8727648813693295 0.14480522185370798
10 0.001 9 0.859577367852342 0.8717765537960334 0.14479805577760163
10 0.001 10 0.8581357645746188 0.8710177330174805 0.1447880703503019
10 0.02 1 1.0381810186294942 0.9505342777219372 0.14470563271053155
10 0.02 2 0.9195431416423167 0.906069331871255 0.14479088080022112
10 0.02 3 0.8916387588687237 0.8902357112737457 0.14480297322072191
10 0.02 4 0.8788690926526437 0.8823238445692831 0.14481035401182166
10 0.02 5 0.8716063487727858 0.8777610008395684 0.14481665660857163
10 0.02 6 0.8669823000348025 0.8748968278870998 0.14481041100094252
10 0.02 7 0.8638137220188732 0.8729912841139774 0.14480621870407445
10 0.02 8 0.8615203938749827 0.8716645354523006 0.1448050304794281
10 0.02 9 0.8597830280533751 0.8707015804714288 0.14480647037405855
10 0.02 10 0.8584097136845832 0.8699703771954991 0.14480064713628618
10 0.1 1 1.0450032040117712 0.9505527107349493 0.14482298681799222
10 0.1 2 0.9264234394025586 0.9097067585242248 0.14489974295731345
10 0.1 3 0.8992816035374396 0.8949684050113169 0.14491175906731052
10 0.1 4 0.8867813150526508 0.8875431065189378 0.1449064786128618
10 0.1 5 0.8796374034837878 0.883205972016742 0.14490461232617022
10 0.1 6 0.8750700677547268 0.8804343588730438 0.14490396586203175
10 0.1 7 0.8719337778506203 0.8785500875159804 0.1448917493296389
10 0.1 8 0.8696689236115756 0.8772088093605065 0.14489732836728217
10 0.1 9 0.8679702084137384 0.8762190240578274 0.1448979715508974
10 0.1 10 0.8666574807592491 0.8754668122407921 0.14490416025012368
10 1.0 1 1.4210262357415229 1.3898075557106209 0.14466524649956589
10 1.0 2 1.3637133603141847 1.3560053599940032 0.1447945244379506
10 1.0 3 1.3458091762343616 1.343992885649411 0.14483914958059818
10 1.0 4 1.3369686265331937 1.3375937682657826 0.14485938067704876
10 1.0 5 1.3316507833326046 1.3336357831886745 0.14486842734721472
10 1.0 6 1.3281320113366875 1.330979757610553 0.1448750006942961
10 1.0 7 1.3256617792047831 1.3291027153767028 0.14487595119961724
10 1.0 8 1.3238553837734301 1.327727767106757 0.14487820955248193
10 1.0 9 1.3224941394704528 1.3266937284712557 0.144880275782242
10 1.0 10 1.3214443483392537 1.3259001986538108 0.1448839861766508
20 0.001 1 1.0712269325963208 0.9812765041587348 0.14329638444587722
20 0.001 2 0.9387599092605123 0.9276008664029364 0.1438806198535826
20 0.001 3 0.9063949992406739 0.9079059859994699 0.14411606493980025
20 0.001 4 0.8905651465379276 0.8974111822554067 0.1442420393385318
20 0.001 5 0.8809031931038852 0.8909660975145265 0.14432181574077343
20 0.001 6 0.8743249234172846 0.88666401354651 0.14438864982095204
20 0.001 7 0.8695131786279094 0.8836207289157769 0.14442673283341342
20 0.001 8 0.8657960553115097 0.8813633041642084 0.14445266549781907
20 0.001 9 0.8627859234567206 0.8796094263551759 0.14447285430422938
20 0.001 10 0.8602353617378106 0.8781733627485468 0.1444715090543198
20 0.02 1 1.0675012452423804 0.9804342848004683 0.14344509372299516
20 0.02 2 0.9362569978193083 0.9258755640626384 0.14398123459275874
20 0.02 3 0.9044325618916905 0.9060853385503946 0.1441926074800586
20 0.02 4 0.8890064149234188 0.8955547036553514 0.1443181223617383
20 0.02 5 0.8796459664024587 0.8890808795055516 0.1443881532577753
20 0.02 6 0.8733139323971352 0.8847497790824614 0.14444100283843175
20 0.02 7 0.8687211428050345 0.881679404702488 0.14448202184798198
20 0.02 8 0.8652147852874923 0.8794028212358965 0.14450573364498331
20 0.02 9 0.8624230182226853 0.8776463840022155 0.14452072292824844
20 0.02 10 0.8601137065580529 0.8762353564413694 0.14453191154624292
20 0.1 1 1.0564405593595185 0.9817165542379432 0.1435680394808414
20 0.1 2 0.9334525595202967 0.9266377978517017 0.1440722798981729
20 0.1 3 0.903703405058356 0.9070193736709765 0.144295208521542
20 0.1 4 0.889659904175765 0.8966390153602383 0.1444121612940413
20 0.1 5 0.8813266312679442 0.8902816997576226 0.14448298519401406
20 0.1 6 0.8758292342673756 0.8860447629309222 0.14453727942796635
20 0.1 7 0.8719581439521362 0.8830565263872386 0.144583405499337
20 0.1 8 0.8691069542640394 0.8808604059208623 0.14461155467854178
20 0.1 9 0.8669361791386393 0.8791945147294163 0.1446275671325864
20 0.1 10 0.8652403927611626 0.8778982530146592 0.14464839591083345
20 1.0 1 1.2270811923836424 1.3283773008125892 0.14341209429485055
20 1.0 2 1.2607861464316004 1.295466766902457 0.1440185050096261
20 1.0 3 1.2700288684111298 1.2942385871131248 0.14428082177086557
20 1.0 4 1.2784249638035188 1.2964980075988561 0.14445577129163997
20 1.0 5 1.2846188552369828 1.2991907185242073 0.14455834890067898
20 1.0 6 1.2893170431111978 1.3017178367082696 0.14461594528901725
20 1.0 7 1.2930072828658752 1.30396503003491 0.14464757079814025
20 1.0 8 1.2959900401044497 1.305935381856941 0.14468014113997413
20 1.0 9 1.298455203579428 1.3076597157216279 0.14471805139162638
20 1.0 10 1.300527971951328 1.309172044025367 0.14473909538042434
30 0.001 1 1.2656068854278275 1.0854912667804257 0.1425840063480957
30 0.001 2 0.9996624283934115 0.988360876707612 0.14329160815073758
30 0.001 3 0.9460349573882091 0.9534793329868008 0.14361628079401398
30 0.001 4 0.9204548683445061 0.9345013172659711 0.14379727946226833
30 0.001 5 0.9047467338121506 0.9225514543793071 0.14392159310221914
30 0.001 6 0.8939417627903822 0.9143650647117115 0.14401082608163132
30 0.001 7 0.8859513233576326 0.9084228526799119 0.14407444335253075
30 0.001 8 0.8797176951901778 0.903911059357073 0.14411511088501727
30 0.001 9 0.8746362938539731 0.9003471114257606 0.1441408604431261
30 0.001 10 0.8703273651859835 0.8974195109839781 0.14416907107555732
30 0.02 1 1.2594961976413026 1.0849285228919776 0.14263629884723975
30 0.02 2 0.9963978839101398 0.9866221341195219 0.14333918674318824
30 0.02 3 0.9433422006556882 0.9512943447458504 0.1436652511068646
30 0.02 4 0.9182490492259486 0.9320499433682007 0.1438317919044144
30 0.02 5 0.9029380918197838 0.9198955221683477 0.14395538849852346
30 0.02 6 0.8924762266643713 0.9115336002317491 0.14404329843166308
30 0.02 7 0.8848013416493369 0.9054363310662685 0.14411050957924926
30 0.02 8 0.8788751193393672 0.9007904161483662 0.1441739921679291
30 0.02 9 0.8741091644644888 0.8971184233953391 0.14421931566799856
30 0.02 10 0.8701391162139033 0.8941171439968156 0.14425219661135574
30 0.1 1 1.2411877819146477 1.081935528956501 0.14282420482735875
30 0.1 2 0.9893083038943569 0.9835417907045746 0.1434835766364863
30 0.1 3 0.9400190918472778 0.9491363947010495 0.14377830455035073
30 0.1 4 0.9174679909549391 0.9305738402407131 0.14396569649274144
30 0.1 5 0.90401543328584 0.9189001404626495 0.14408220946780873
30 0.1 6 0.895012985367429 0.9108844991386168 0.1441716898206154
30 0.1 7 0.8885481637316891 0.9050453159106548 0.1442319357577875
30 0.1 8 0.8836723343873596 0.9006024946552551 0.14428531808008885
30 0.1 9 0.8798580132665055 0.8971058304199371 0.14433538819091077
30 0.1 10 0.8767877042451768 0.8942776342536514 0.14437643081224097
30 1.0 1 1.2861473619512562 1.3603609357389053 0.14295527401745825
30 1.0 2 1.257677696650212 1.3064352847229492 0.14354378093699727
30 1.0 3 1.2642286319624423 1.300212559467304 0.14385548958675276
30 1.0 4 1.2722973847650838 1.2995252095335785 0.14407332767333988
30 1.0 5 1.2781710925333816 1.3001074941709438 0.1442167688185554
30 1.0 6 1.2825902999682075 1.3010869313668514 0.14433355470011072
30 1.0 7 1.28610927602277 1.3022142868806748 0.14441687183774368
30 1.0 8 1.289043456346648 1.303396415562047 0.14450070259407344
30 1.0 9 1.2915715272766457 1.3045891817607946 0.14456578600171333
30 1.0 10 1.2937984564076952 1.3057672803001708 0.14462009179496382
60 0.001 1 1.9223540675151527 1.371379268043916 0.14190776288144769
60 0.001 2 1.1971958596381373 1.1882155578262696 0.1426133474969922
60 0.001 3 1.079100250297629 1.1100601162084431 0.14294940601177059
60 0.001 4 1.0174851756642536 1.0609274738143748 0.14315479972780676
60 0.001 5 0.9760190340641226 1.0264071084324022 0.14329623383096832
60 0.001 6 0.9461856989174873 1.0015944881794399 0.1434037920173855
60 0.001 7 0.9242426893264097 0.9834347737834008 0.14347487223437863
60 0.001 8 0.907648230016603 0.9697690823974381 0.14350961281736999
60 0.001 9 0.8946530661934536 0.9591585912971617 0.1435585303985082
60 0.001 10 0.8840972483520083 0.9506569157241853 0.1435890884742596
60 0.02 1 1.9143530138613138 1.3634481386864625 0.14209406304456293
60 0.02 2 1.191758701339868 1.1810139208532306 0.14278532896567767
60 0.02 3 1.0763690032136686 1.1047480104439256 0.14310409201608779
60 0.02 4 1.017857508155794 1.057807174156287 0.14329170567037094
60 0.02 5 0.9789136199491463 1.0244217899521406 0.14341983929550797
60 0.02 6 0.9502512374758291 0.999468668127424 0.1435372389541655
60 0.02 7 0.9285359863005277 0.9805934934332199 0.1436146451115109
60 0.02 8 0.9118864358838642 0.9661317531992036 0.1436635557098873
60 0.02 9 0.8988843114777382 0.9548229287738739 0.14371677510209116
60 0.02 10 0.8884726946290147 0.9457627489475104 0.14376488943009827
60 0.1 1 1.8870004088963086 1.351010534923837 0.14230606442783253
60 0.1 2 1.179402424954356 1.1710703187134184 0.14291104630342355
60 0.1 3 1.0735932523523768 1.098994263392012 0.14318653352369207
60 0.1 4 1.0236703872217356 1.0571076486485913 0.1433713697375479
60 0.1 5 0.9928859715774988 1.0289131452392368 0.14348557764403336
60 0.1 6 0.9713483235313708 1.008154612502748 0.14359114345956958
60 0.1 7 0.955024420608494 0.9919213145760281 0.14368471247665318
60 0.1 8 0.9419820824905354 0.978710427908103 0.14375708685199706
60 0.1 9 0.931210640275655 0.9676862352012586 0.14381816367816053
60 0.1 10 0.9221373791755756 0.9583414864041728 0.14387624753596015
60 1.0 1 1.7852970342445726 1.5331508102773248 0.14267821536982248
60 1.0 2 1.3814014405229134 1.4406394402608005 0.1427379657759135
60 1.0 3 1.363369135847547 1.413794563893955 0.1429315684537492
60 1.0 4 1.3559268261115418 1.3957174489012203 0.14317399682834717
60 1.0 5 1.3481262562879153 1.3808630091444487 0.14339673005520573
60 1.0 6 1.3402521133358343 1.368297179176064 0.14360447079581384
60 1.0 7 1.3329560594378407 1.3577271096062309 0.1437591752606896
60 1.0 8 1.3265717584915324 1.3489318029122712 0.14391159073042173
60 1.0 9 1.321200728490157 1.3416934693620979 0.14403068970002053
60 1.0 10 1.3168188308911226 1.3358010507034017 0.1441418892273842
