10 0.001 1 1.0380888902843566 0.9533115973695582 0.1446133650471161
10 0.001 2 0.9198341981075424 0.9079593266765092 0.14476168317396113
10 0.001 3 0.8917731630343763 0.8918902454111141 0.14479862994800835
10 0.001 4 0.8789321661486746 0.8838368886187745 0.14480585042577174
10 0.001 5 0.8716146852201644 0.879181381170248 0.14480721227577187
10 0.001 6 0.8669467078487993 0.8762602713029278 0.14480246039092232
10 0.001 7 0.8637434143126004 0.8743260675860289 0.14480350324679345
10 0.001 8 0.8614236111651427 0.8729942628398609 0.14479634586483192
10 0.001 9 0.8596678520537829 0.8720473478632554 0.14479764560352365
10 0.001 10 0.8582850842034284 0.8713525890447871 0.14479851705814897
10 0.02 1 1.0380063360020282 0.9508974329404009 0.14465694000619866
10 0.02 2 0.9195756046228486 0.9061928945515149 0.14479678220616546
10 0.02 3 0.8916919674950008 0.890320501899876 0.14483490617644756
10 0.02 4 0.878919303266773 0.8823931736296098 0.1448556571218948
10 0.02 5 0.8716439381982309 0.8778184407550151 0.14486172795131205
10 0.02 6 0.8670042986772295 0.8749413729533513 0.14486056540546716
10 0.02 7 0.8638182963385725 0.8730199438504519 0.14485413799241162
10 0.02 8 0.8615046443965183 0.8716726675437734 0.14485375051663915
10 0.02 9 0.8597420256018494 0.870682615493708 0.1448467682089086
10 0.02 10 0.8583358055203244 0.8699152508087497 0.14483497596129058
10 0.1 1 1.0452064710209141 0.9493697124140523 0.14477148369109527
10 0.1 2 0.926461678656198 0.9087734152939733 0.14486169783587363
10 0.1 3 0.8993371766519507 0.8941950157480373 0.1448677783230403
10 0.1 4 0.8868309783219563 0.8868834281844081 0.14487473651906352
10 0.1 5 0.8796754119275384 0.8826332650684647 0.14487252670423384
10 0.1 6 0.8750972875478579 0.879931519074509 0.1448735210932763
10 0.1 7 0.8719518390400277 0.8781050980582227 0.14486192535043388
10 0.1 8 0.8696791101561792 0.8768126130244507 0.14485958974239221
10 0.1 9 0.8679733642155176 0.8758644050546676 0.14486328746361718
10 0.1 10 0.866654068403953 0.8751477538289478 0.1448616375747853
10 1.0 1 1.4201462450901818 1.3867463258126038 0.1446509026729542
10 1.0 2 1.3630530300359054 1.3535967084814389 0.14480511794744066
10 1.0 3 1.3452982828816014 1.3420103778253343 0.14485489825799228
10 1.0 4 1.3365655936859928 1.3359434591523764 0.1448760358623224
10 1.0 5 1.331327486403065 1.3322595608612715 0.14488841226227175
10 1.0 6 1.3278693562799022 1.3298309882822954 0.14488881727955794
10 1.0 7 1.325446320191958 1.328141924733837 0.14489113955116967
10 1.0 8 1.3236772386954936 1.3269219318430343 0.1448924554104994
10 1.0 9 1.322345836643023 1.3260156604902271 0.14489577750839802
10 1.0 10 1.3213201336121492 1.3253277237737358 0.14489855289301035
20 0.001 1 1.0715928319283832 0.9816492791791032 0.1433928464994818
20 0.001 2 0.9385194885734814 0.9274257252763516 0.1439346580786585
20 0.001 3 0.9061225322682855 0.9076384569630574 0.1441280980852881
20 0.001 4 0.8903254241181472 0.8971411047319279 0.14425795359287633
20 0.001 5 0.880709703045736 0.8907259033004309 0.14431558924751045
20 0.001 6 0.8741802358335459 0.8864655602357535 0.14437183695205402
20 0.001 7 0.8694178355946918 0.883469757042447 0.1444085578681694
20 0.001 8 0.8657528987152873 0.8812658797915552 0.1444444948621299
20 0.001 9 0.8628023550134308 0.8795750730710833 0.1444615168436914
20 0.001 10 0.8603246278925335 0.8782166436471588 0.14447052773554303
20 0.02 1 1.0671067082870989 0.9808392377466031 0.14330709677140135
20 0.02 2 0.936139397493699 0.9262500952068883 0.14391557880826492
20 0.02 3 0.904329059381381 0.906437221885966 0.1441493906307501
20 0.02 4 0.8889065321229962 0.8958573850805508 0.14427587983261317
20 0.02 5 0.8795510018586636 0.8893338089069799 0.14436696479571506
20 0.02 6 0.8732278549689724 0.8849621371648471 0.14443770844179935
20 0.02 7 0.8686477060321229 0.8818621935348184 0.14448533037751451
20 0.02 8 0.8651575677516467 0.8795666250291999 0.14451125269041992
20 0.02 9 0.8623859777826981 0.877801213534191 0.14453582729952139
20 0.02 10 0.8601017976633242 0.8763911913543537 0.14455265593869002
20 0.1 1 1.057953994106267 0.9829514463901244 0.14346380438095177
20 0.1 2 0.9338958802414222 0.9268053397389133 0.144019334127335
20 0.1 3 0.9038889505602163 0.9070589501822658 0.1442434538021345
20 0.1 4 0.8897528000110673 0.8966567288400057 0.14437374227002975
20 0.1 5 0.8813719668976616 0.8902937826317967 0.14445699081720662
20 0.1 6 0.8758466697844951 0.8860537946742885 0.14451342997396907
20 0.1 7 0.8719582836767606 0.883063112384446 0.14456161125819636
20 0.1 8 0.8690962233234986 0.8808650704943758 0.14460772408076747
20 0.1 9 0.8669187115972601 0.8791978669598467 0.14463606684187497
20 0.1 10 0.8652189271846249 0.8779008993673342 0.14465596585402757
20 1.0 1 1.2270695064509436 1.327616438250649 0.1433963189860321
20 1.0 2 1.2608355463811536 1.2942380711336112 0.14405750385940963
20 1.0 3 1.270049149029071 1.2933842532321709 0.14430841430988958
20 1.0 4 1.2784441731753522 1.2958998789507907 0.14445504357525235
20 1.0 5 1.2846369066779795 1.298763022492256 0.14455223067495437
20 1.0 6 1.2893364327157577 1.3014106815052549 0.14462321140269357
20 1.0 7 1.2930295928665463 1.3037466921961263 0.14467045465897263
20 1.0 8 1.296015650853841 1.305783797657799 0.14469986588092945
20 1.0 9 1.2984837813152323 1.3075586899714626 0.14472443805736238
20 1.0 10 1.3005588794023253 1.3091093545534407 0.1447452547244141
30 0.001 1 1.2641667142075124 1.0862604977201051 0.1425441807597621
30 0.001 2 0.9997200751422599 0.9885316303043481 0.14329246548380023
30 0.001 3 0.9460905804136027 0.9535440100864007 0.1436266193987053
30 0.001 4 0.9205202027491036 0.9345108676269012 0.14380715556698095
30 0.001 5 0.9048223337870044 0.9225202072674632 0.14392061042479887
30 0.001 6 0.8940275053115174 0.9143020095510063 0.14400457189284757
30 0.001 7 0.8860471825225942 0.9083349840627978 0.14406062028581104
30 0.001 8 0.879824172138212 0.9038041169197449 0.14410705226322432
30 0.001 9 0.8747545040251353 0.9002259383173482 0.14413761578653825
30 0.001 10 0.8704589225466541 0.8972882652584464 0.14415667928892653
30 0.02 1 1.2579771144163856 1.0826060233486465 0.1426524356660548
30 0.02 2 0.9957504148325006 0.9850671392284146 0.1433851853369907
30 0.02 3 0.9430007798564396 0.9500907504528556 0.14367867610733404
30 0.02 4 0.9180267547038361 0.9310418450236929 0.14385988417867432
30 0.02 5 0.9027734955887133 0.9190124044824621 0.14398142062308508
30 0.02 6 0.8923415473763943 0.9107407814559841 0.14406713042298977
30 0.02 7 0.8846804797191351 0.9047127936205469 0.14413825231409363
30 0.02 8 0.8787562887759897 0.9001199151123437 0.14418379723897112
30 0.02 9 0.8739817188435646 0.8964857864938334 0.14421734404485897
30 0.02 10 0.869991792038279 0.8935065395054165 0.1442567812207925
30 0.1 1 1.241778351445215 1.0837977793959286 0.14278656699720263
30 0.1 2 0.9901167002904101 0.9837839094602366 0.14345948129834535
30 0.1 3 0.9404657960209838 0.94905053645863 0.14376966611400085
30 0.1 4 0.9177836150851685 0.930409106116194 0.1439500499183849
30 0.1 5 0.9042612784407553 0.9187311170529076 0.1440761217845686
30 0.1 6 0.895216402388514 0.9107351960714307 0.14416444311198628
30 0.1 7 0.8887231630157111 0.90492232453275 0.14423228426872045
30 0.1 8 0.8838267580274004 0.9005060396155454 0.14428600512918133
30 0.1 9 0.8799966571035565 0.8970339203161359 0.14433736595768396
30 0.1 10 0.8769138082358563 0.8942277045672485 0.14437232237652048
30 1.0 1 1.2867989893882528 1.3626896848157093 0.14290072599298984
30 1.0 2 1.257922590081098 1.3071658341794978 0.14352229896596472
30 1.0 3 1.2642880969443098 1.2998211573959482 0.1438562251951304
30 1.0 4 1.2722864016062378 1.29874566146977 0.14407469281764967
30 1.0 5 1.2781406946104712 1.29926430093376 0.14422796562478815
30 1.0 6 1.282556114763618 1.3003079960257524 0.144342592376991
30 1.0 7 1.2860769737524436 1.3015424492166994 0.14443172689311967
30 1.0 8 1.2890156101991395 1.3028378921500805 0.14449611630675938
30 1.0 9 1.2915493067159105 1.3041350960141362 0.1445581045523735
30 1.0 10 1.2937821849342575 1.3054035324109496 0.14459106541352532
60 0.001 1 1.9252128172566134 1.370728662480717 0.141939643183661
60 0.001 2 1.1977552344247189 1.1870095806598775 0.14266834589274666
60 0.001 3 1.0795891918154306 1.1093115124828221 0.1430429400387673
60 0.001 4 1.0182116398174497 1.0607039192090164 0.1432456550799466
60 0.001 5 0.9768688405055719 1.0264201762824237 0.1433681849836142
60 0.001 6 0.9469644020685798 1.0016279232070613 0.14346993055062868
60 0.001 7 0.9248803257167924 0.9834261368958404 0.14352057799175696
60 0.001 8 0.9081550414720012 0.9697179052654209 0.1435800303905501
60 0.001 9 0.8950580147064485 0.9590773243413452 0.14361406425512419
60 0.001 10 0.8844270522837435 0.9505566123703755 0.1436235332494838
60 0.02 1 1.9137509432040671 1.363887533538274 0.14198461519720934
60 0.02 2 1.1912478208062354 1.1811083306404309 0.14274666749433929
60 0.02 3 1.0758869411567689 1.1048435719663585 0.14310472098250646
60 0.02 4 1.0173341380630425 1.0578858121163126 0.14328565108337585
60 0.02 5 0.9783448011660706 1.0245169942010084 0.14342357535444783
60 0.02 6 0.94970066079192 0.999622428657801 0.14352795602558793
60 0.02 7 0.928034135437298 0.9807804459155366 0.14360025756891848
60 0.02 8 0.9114004854049031 0.9662865630099344 0.14364415330960986
60 0.02 9 0.8983564084138776 0.9548807427919475 0.14370284941758044
60 0.02 10 0.8878472330747594 0.9456714093774777 0.14373528013325176
60 0.1 1 1.8881284392343831 1.354888236500276 0.14239622288745346
60 0.1 2 1.1807070740866008 1.1734288533753945 0.14298432917580992
60 0.1 3 1.074382677735082 1.1005709964358588 0.1432388014339449
60 0.1 4 1.0241282615253404 1.0582069735134596 0.14340666312414335
60 0.1 5 0.9931125306394213 1.0296752304903116 0.14352611300496482
60 0.1 6 0.9714010205015899 1.0086612493571068 0.14362485777378292
60 0.1 7 0.954947214262924 0.9922346805400263 0.14371288462940976
60 0.1 8 0.9418155663820383 0.9788837731325917 0.14377729130454892
60 0.1 9 0.9309910113495659 0.9677631269843439 0.14383518459640424
60 0.1 10 0.9218921014607626 0.9583534438586677 0.14389311576161834
60 1.0 1 1.7856353604542459 1.5298575331452566 0.14265620901101103
60 1.0 2 1.3815940603631718 1.4370913075410874 0.14279454790969437
60 1.0 3 1.36358469854064 1.4106327698536085 0.1429765241015281
60 1.0 4 1.3561045011183819 1.3929766017705358 0.14320571384159822
60 1.0 5 1.3482547000598475 1.3785193359417234 0.14344149878759266
60 1.0 6 1.3403400231703875 1.366310975995071 0.1435983714051424
60 1.0 7 1.3330145219465317 1.356052272602777 0.14375641275618434
60 1.0 8 1.3266096204132731 1.3475226461386818 0.14390576954540477
60 1.0 9 1.321224111565543 1.340508309992302 0.1440222958079524
60 1.0 10 1.3168317267723049 1.3348035399183025 0.14413831610023445
