10 0.001 1 1.038285799635464 0.9535599308423937 0.1446449298471098
10 0.001 2 0.9200508857507725 0.907733307517925 0.1447862417459336
10 0.001 3 0.891892035266492 0.8916085387745971 0.14481004198571748
10 0.001 4 0.8790208552825636 0.8835772906596392 0.144815203252355
10 0.001 5 0.871694895276039 0.8789533621913691 0.1448210240365602
10 0.001 6 0.867025752486415 0.8760585541699853 0.14482271539387864
10 0.001 7 0.8638235961195231 0.8741437170644462 0.14481829859561038
10 0.001 8 0.861505715688744 0.8728256828427767 0.14481772122993258
10 0.001 9 0.8597523761661848 0.871888685664903 0.14481276361034087
10 0.001 10 0.8583726664179276 0.8712015583383798 0.14480881157166944
10 0.001 11 0.8572441535706751 0.8706787107381647 0.144803292182383
10 0.001 12 0.8562825800064117 0.8702597899088393 0.14479657020534037
10 0.001 13 0.8554251239008135 0.8698980446889664 0.14478893376552934
10 0.001 14 0.85462029408077 0.8695530769975529 0.14478906746538625
10 0.001 15 0.853821397707737 0.8691861308671016 0.14478252556639945
10 0.001 16 0.8529823995546679 0.8687574171109569 0.1447654937815916
10 0.001 17 0.8520561639276646 0.8682259025033249 0.14476800441265578
10 0.001 18 0.8509958671346886 0.867552514599971 0.14476502879831227
10 0.001 19 0.8497604588587626 0.8667072327242848 0.14475519952550286
10 0.001 20 0.8483236527767098 0.8656783253732202 0.1447510833189288
10 0.02 1 1.039179378996368 0.9507750892847301 0.1447444612774862
10 0.02 2 0.9196477304315455 0.9060437762057291 0.14482057006761637
10 0.02 3 0.8916828642131933 0.8901613554533604 0.14482678013847872
10 0.02 4 0.8788972801216949 0.8822471884144447 0.14484228628965895
10 0.02 5 0.8716273657438068 0.8776957347728255 0.14485670694934163
10 0.02 6 0.867002230087237 0.874848295415466 0.1448511196280343
10 0.02 7 0.8638388709976641 0.8729632806979283 0.14485571509753592
10 0.02 8 0.8615580404520725 0.8716619358869323 0.14485805185538678
10 0.02 9 0.8598423238370301 0.8707318505427093 0.1448510629035613
10 0.02 10 0.8585028555129273 0.8700448754723811 0.14484181305175692
10 0.02 11 0.8574194358400428 0.8695185222365586 0.14484034541343446
10 0.02 12 0.8565105957116486 0.8690960027856596 0.14484147801148484
10 0.02 13 0.8557172355942781 0.868734993237341 0.14483956854000984
10 0.02 14 0.8549929170727545 0.8684007716963137 0.14484052666725208
10 0.02 15 0.8542976494485625 0.8680617317676085 0.1448429600332295
10 0.02 16 0.853593733030472 0.8676864368798475 0.1448413688361537
10 0.02 17 0.852843174215811 0.8672421059683869 0.144840322236632
10 0.02 18 0.852006851745713 0.8666949591064739 0.14483099753100998
10 0.02 19 0.8510460665117966 0.8660131185128055 0.14482921039361013
10 0.02 20 0.8499270847699436 0.8651723557461337 0.14483286937473336
10 0.1 1 1.045042228108223 0.9497565008488197 0.14477184132387913
10 0.1 2 0.9262246959799997 0.9089352957761889 0.14485635974429237
10 0.1 3 0.8991336035505416 0.8943231407509978 0.14487103579676622
10 0.1 4 0.8866711471840981 0.8869961817964485 0.14487067069775883
10 0.1 5 0.8795496237599104 0.8827274784632154 0.1448666653955636
10 0.1 6 0.8749951486207819 0.8800075013799316 0.1448573544565282
10 0.1 7 0.8718669523168164 0.8781656489436641 0.14486696667705817
10 0.1 8 0.869607862252339 0.8768611604994778 0.14487283296489126
10 0.1 9 0.8679136774124449 0.8759041674318891 0.1448696400924505
10 0.1 10 0.8666046952818603 0.8751815006838338 0.14487094115648516
10 0.1 11 0.8655683064161382 0.8746221305167745 0.14487067282406887
10 0.1 12 0.8647306138516899 0.8741796010975442 0.1448712682266513
10 0.1 13 0.8640412772324286 0.8738224753472259 0.14486932744110956
10 0.1 14 0.8634649103162008 0.8735288455468965 0.14486614060375694
10 0.1 15 0.8629759495677269 0.8732830340960868 0.14486583767858344
10 0.1 16 0.8625554632860583 0.8730735328160015 0.144865750266718
10 0.1 17 0.8621890948580951 0.8728916712353758 0.14486523109905278
10 0.1 18 0.8618656936045515 0.872730728244228 0.14486736906398517
10 0.1 19 0.8615763752253128 0.8725853205851525 0.14487033883266504
10 0.1 20 0.8613138571864917 0.8724509676799743 0.14487281936430468
10 1.0 1 1.4206392040222324 1.3895502718481858 0.14463736584319034
10 1.0 2 1.3636155873463662 1.355282800769169 0.14477766180335092
10 1.0 3 1.345712729387086 1.3431278998153244 0.14482635770756988
10 1.0 4 1.336905217481287 1.3367680725924702 0.14484568215166774
10 1.0 5 1.3316141129799643 1.3329133436321665 0.14485699263290472
10 1.0 6 1.328114170052808 1.3303726765029806 0.1448705053420781
10 1.0 7 1.3256568207547705 1.328603253639286 0.14487761482258285
10 1.0 8 1.3238590937360115 1.3273219056014256 0.1448845947838461
10 1.0 9 1.3225035662289137 1.3263666409553765 0.14488783985947298
10 1.0 10 1.321457433112429 1.3256382956338715 0.14489137382021233
10 1.0 11 1.3206350175100412 1.3250729400396053 0.144894631043028
10 1.0 12 1.3199786477268618 1.324627648370978 0.14489466924659603
10 1.0 13 1.3194481622953806 1.324272639756525 0.1448986661654715
10 1.0 14 1.3190148069376795 1.3239866915135807 0.14490096391678284
10 1.0 15 1.3186575143357882 1.3237543377745717 0.14490081005982564
10 1.0 16 1.318360545945915 1.3235640926054058 0.14490143453546042
10 1.0 17 1.318111947074618 1.3234072864221833 0.1449036562629144
10 1.0 18 1.3179025058396674 1.3232772829761008 0.14490198787385328
10 1.0 19 1.3177250344101463 1.3231689398713196 0.14490491086403157
10 1.0 20 1.3175738621290023 1.3230782291389043 0.1449041146731508
20 0.001 1 1.0718935453071614 0.9816716516673839 0.14335191421451338
20 0.001 2 0.9390612667628715 0.9279135995741783 0.14389130298922936
20 0.001 3 0.9066604970435651 0.9081480025897796 0.1440932641614112
20 0.001 4 0.8908140422212746 0.8975849219389401 0.14421362966923196
20 0.001 5 0.881143048138593 0.8910931643446729 0.14429996665268824
20 0.001 6 0.8745658342968593 0.8867685737951337 0.14436379028256757
20 0.001 7 0.8697672852831558 0.8837258120595541 0.14440188309356353
20 0.001 8 0.866078159862833 0.8814919230266643 0.1444153362904581
20 0.001 9 0.8631149489270538 0.8797868047114517 0.14443436156997105
20 0.001 10 0.8606359189920268 0.8784289280219493 0.14443886813019394
20 0.001 11 0.8584747060275024 0.8772897858467825 0.14445328671693455
20 0.001 12 0.8565066486416318 0.8762703873460399 0.14445458362213065
20 0.001 13 0.8546313776934591 0.8752897139015454 0.14446446209126004
20 0.001 14 0.8527654164132641 0.8742813548073582 0.14447154734001513
20 0.001 15 0.8508422903596758 0.8731963975067 0.1444656596954176
20 0.001 16 0.8488178141570546 0.8720095470500677 0.14445439595924608
20 0.001 17 0.8466760816113941 0.8707230619217247 0.14445473821923022
20 0.001 18 0.8444300625954888 0.8693631449769452 0.14445704068403445
20 0.001 19 0.8421134269894327 0.8679685666196406 0.14446577596993637
20 0.001 20 0.8397668458319454 0.8665775935148579 0.14446637098566167
20 0.02 1 1.0679668746360174 0.9814749224746132 0.14340078502883194
20 0.02 2 0.9364557894015177 0.9269031742926932 0.14392510162537883
20 0.02 3 0.9045963252985582 0.9069205970343 0.14415122583902537
20 0.02 4 0.8891129054420551 0.896206271211299 0.1442661604316589
20 0.02 5 0.8797085283783689 0.889593326311453 0.1443497300425585
20 0.02 6 0.8733477580173744 0.885161572291348 0.14441272787782458
20 0.02 7 0.8687380545845789 0.8820184650889489 0.14445447095357067
20 0.02 8 0.8652236166746906 0.8796890975555607 0.14447556020001082
20 0.02 9 0.8624307465569004 0.8778947260246981 0.14448477782216165
20 0.02 10 0.8601264818819245 0.8764576788164753 0.14450362903124564
20 0.02 11 0.8581535806534072 0.8752554668101007 0.14451839952626666
20 0.02 12 0.856397395758573 0.8741967415776626 0.14453806871343036
20 0.02 13 0.8547679101182435 0.87320829520169 0.1445543549570563
20 0.02 14 0.8531901789312126 0.8722287096235295 0.14456957212740904
20 0.02 15 0.8516005026959941 0.8712069305919544 0.14457613365047753
20 0.02 16 0.849947199496575 0.8701047621999884 0.14458617105303512
20 0.02 17 0.8481947232919339 0.8689015256493466 0.14458852972488132
20 0.02 18 0.846328540495002 0.8675976338677522 0.14459993907865806
20 0.02 19 0.844356932691752 0.8662134315802781 0.14459971742657005
20 0.02 20 0.8423068207145966 0.8647820894787037 0.14461596914555577
20 0.1 1 1.0578440703997407 0.9841481901546878 0.14346111048988103
20 0.1 2 0.9341578134186634 0.9274504007443062 0.14400919076098453
20 0.1 3 0.9040851281162355 0.9073900525815274 0.14423563830116734
20 0.1 4 0.8898940375837232 0.8968247833880714 0.14436751557128827
20 0.1 5 0.8814749601536548 0.8903745240748142 0.1444354578374448
20 0.1 6 0.8759238222837427 0.8860853953179593 0.14449236117211084
20 0.1 7 0.8720178942093795 0.8830656331566648 0.14454196616847662
20 0.1 8 0.8691435675422022 0.8808496288688973 0.14457558743387258
20 0.1 9 0.8669570798771303 0.8791709894143674 0.1445995798927837
20 0.1 10 0.8652503670409546 0.8778666255303506 0.14461491457918635
20 0.1 11 0.8638899392589998 0.8768312636030221 0.1446333790602337
20 0.1 12 0.8627860923698334 0.8759939501569457 0.1446520161388041
20 0.1 13 0.8618761802619495 0.8753050748567938 0.1446688567738302
20 0.1 14 0.8611149651070916 0.8747287983303185 0.14467919678853744
20 0.1 15 0.8604687677344629 0.8742384229454648 0.14469665448831742
20 0.1 16 0.859911767500124 0.8738134449818051 0.1447032055389694
20 0.1 17 0.8594235717353154 0.8734376075087102 0.1447090028025398
20 0.1 18 0.8589875635119832 0.873097570839072 0.14471996687068256
20 0.1 19 0.8585897433131755 0.8727819778877511 0.1447249009320518
20 0.1 20 0.8582178959762528 0.8724807827682117 0.1447370567135795
20 1.0 1 1.2271598893076203 1.3246634245286515 0.1434108787797002
20 1.0 2 1.26050014911802 1.2928502297688609 0.14403620721734883
20 1.0 3 1.26982877757775 1.2927376985755368 0.1443014024559475
20 1.0 4 1.2783080318672826 1.2956254074957922 0.1444657140860523
20 1.0 5 1.284550950252309 1.2986884437236306 0.14457836445676553
20 1.0 6 1.2892798478250649 1.3014428553513466 0.14464493414568824
20 1.0 7 1.2929903642204343 1.3038323206863123 0.14469716714298286
20 1.0 8 1.2959867437342667 1.3058919258066926 0.14472625106396383
20 1.0 9 1.2984609741396569 1.3076715354543191 0.14475153548301314
20 1.0 10 1.3005396010663806 1.3092170693650862 0.14476130407015328
20 1.0 11 1.3023095805614213 1.310566833101814 0.14477927601741947
20 1.0 12 1.3038328965251753 1.3117518749607466 0.144785809218453
20 1.0 13 1.3051551578414606 1.3127972393463139 0.1447970692184509
20 1.0 14 1.3063108581886704 1.3137232231968108 0.14480546487580548
20 1.0 15 1.3073267115011082 1.3145464173043933 0.1448151495390773
20 1.0 16 1.3082238356581934 1.315280516950339 0.1448237438180855
20 1.0 17 1.3090192233759144 1.3159369393410782 0.14483047318580364
20 1.0 18 1.3097267586989854 1.316525291748089 0.14483599507152314
20 1.0 19 1.310357936067382 1.31705372777315 0.14483793654041485
20 1.0 20 1.310922380007704 1.317529220618537 0.14484272014687
30 0.001 1 1.2659058956060263 1.086678040854341 0.14252005625107775
30 0.001 2 0.9998499081573553 0.9887408241344593 0.14326464483728168
30 0.001 3 0.9460893314316045 0.9536240614978416 0.14359209345829824
30 0.001 4 0.9204648432651976 0.9345097509952894 0.14376923531070915
30 0.001 5 0.9047307730686136 0.9224653614956204 0.1439018457629291
30 0.001 6 0.8939044790256104 0.9142053654933237 0.14398105109213793
30 0.001 7 0.8858903246766453 0.9081990563476863 0.14404063826235422
30 0.001 8 0.8796252102932846 0.9036242716769848 0.14409506246083345
30 0.001 9 0.8744994255927897 0.8999912032543357 0.144148106629166
30 0.001 10 0.8701282624233018 0.8969822232916784 0.14416625704780145
30 0.001 11 0.8662491126328852 0.89437685823978 0.14419002595958655
30 0.001 12 0.8626726670273254 0.8920163873544505 0.14421941039223968
30 0.001 13 0.8592614538539796 0.8897893707272344 0.1442328647299721
30 0.001 14 0.855922928623086 0.8876273923119009 0.14424850660003347
30 0.001 15 0.852607590200475 0.885501902969284 0.14425415302283565
30 0.001 16 0.84930379541489 0.88341551535363 0.14425966499013396
30 0.001 17 0.8460255344095081 0.8813875786321971 0.1442638448951082
30 0.001 18 0.8427966808064852 0.8794399919800533 0.14426521043499999
30 0.001 19 0.8396386020148751 0.877588839559292 0.1442734564321096
30 0.001 20 0.8365646552953302 0.8758423238263684 0.14429082907535215
30 0.02 1 1.2582339240570943 1.0840547826834364 0.1426614394288481
30 0.02 2 0.9958797598250755 0.985585755276101 0.14335520784405156
30 0.02 3 0.9430899939187991 0.9504038311549566 0.1437044918765404
30 0.02 4 0.9181163317499957 0.9312797032180816 0.1438811475560639
30 0.02 5 0.90286453959596 0.9192104119177535 0.14400017149252467
30 0.02 6 0.892431900774671 0.9109079500456535 0.1440813845738372
30 0.02 7 0.8847666454025751 0.9048499004475208 0.14414736543911988
30 0.02 8 0.878833968005348 0.9002249521442982 0.14419249423604003
30 0.02 9 0.8740459381157458 0.8965554993009798 0.14423968679580515
30 0.02 10 0.8700368998819095 0.8935368153465432 0.14428174378530198
30 0.02 11 0.8665612388506779 0.890960244615115 0.14431968300947254
30 0.02 12 0.8634424861484098 0.8886740997203222 0.14434096883787748
30 0.02 13 0.8605472875115945 0.8865639737414779 0.14435306379042126
30 0.02 14 0.8577732810814649 0.8845444048264504 0.14436923090917422
30 0.02 15 0.8550454785842795 0.8825572106469987 0.1443758407885042
30 0.02 16 0.8523169770871969 0.880572116201094 0.14438583216284062
30 0.02 17 0.8495694349721776 0.8785851259173851 0.14439775153892975
30 0.02 18 0.8468092855491564 0.8766118677741943 0.1444124247925002
30 0.02 19 0.8440587229667987 0.8746771141569574 0.1444340362943922
30 0.02 20 0.8413445366978198 0.872804772769465 0.14445280938878852
30 0.1 1 1.2411334956548628 1.0839272981641555 0.1427718476937591
30 0.1 2 0.9897817844441259 0.9844883832176204 0.14343006701867286
30 0.1 3 0.9401694974691793 0.9496854918829314 0.14375840658383596
30 0.1 4 0.9175072687517473 0.9309116330161529 0.1439515643720462
30 0.1 5 0.9040088294235828 0.9191130572765535 0.14406630811457952
30 0.1 6 0.8949858595836947 0.9110200713095123 0.1441555446267717
30 0.1 7 0.8885115404142327 0.9051318732648579 0.1442275093245956
30 0.1 8 0.883631387024241 0.9006575826407277 0.1442863333019333
30 0.1 9 0.8798153549155878 0.8971405694458187 0.14433494697314764
30 0.1 10 0.8767447972516524 0.8942992196530627 0.14437658872156375
30 0.1 11 0.8742164309778289 0.8919508181608734 0.14441287711497577
30 0.1 12 0.8720943420288184 0.8899718598530209 0.1444392281445234
30 0.1 13 0.8702840732021392 0.88827593438242 0.14447172915292508
30 0.1 14 0.8687177583083302 0.8868007309663604 0.14449866364784478
30 0.1 15 0.8673451594110356 0.8855000576355692 0.14451742400779102
30 0.1 16 0.8661280315869261 0.8843387510336583 0.14454330627633363
30 0.1 17 0.8650364482268624 0.8832893201104179 0.14456210637855899
30 0.1 18 0.8640463259448627 0.8823296666907379 0.144579546267705
30 0.1 19 0.8631377089302461 0.8814414969877833 0.14459798729080042
30 0.1 20 0.8622935508628438 0.8806091920645949 0.14461648064422342
30 1.0 1 1.2857517390513924 1.356614070460824 0.14300353940052
30 1.0 2 1.2574965187909157 1.304068189835631 0.14361036846874195
30 1.0 3 1.2640532684341816 1.2979196906172292 0.1439129170165359
30 1.0 4 1.2721175608235822 1.2973781284381574 0.14410231503007487
30 1.0 5 1.2780087731337912 1.2981856795503264 0.14424074009877175
30 1.0 6 1.2824534265629657 1.299415135539304 0.1443553042105438
30 1.0 7 1.2859990933085805 1.3007841152254025 0.14444521193267662
30 1.0 8 1.2889581463665958 1.3021842274579574 0.14451887519474452
30 1.0 9 1.291507950885965 1.3035663951187875 0.14458096568992393
30 1.0 10 1.293753106889911 1.304905627450431 0.1446132544473353
30 1.0 11 1.2957583469560414 1.3061882481394484 0.14465930873955046
30 1.0 12 1.297565869069142 1.3074066440757537 0.1446738484115284
30 1.0 13 1.2992047217860805 1.3085568459310783 0.14469644561427325
30 1.0 14 1.3006960443096172 1.3096372735334574 0.14470590621827556
30 1.0 15 1.3020560704840776 1.3106480011829178 0.14472300877985045
30 1.0 16 1.3032978870869938 1.311590277600731 0.14473873337981347
30 1.0 17 1.3044324798723674 1.3124661853072879 0.14475405178792433
30 1.0 18 1.305469364542862 1.3132783862132946 0.1447679928102542
30 1.0 19 1.306416972710904 1.314029926649778 0.14477197477993162
30 1.0 20 1.3072828921012964 1.3147240867170435 0.14477946765168742
60 0.001 1 1.922999312884002 1.3699348424023152 0.14179840740717406
60 0.001 2 1.1969426527702134 1.1863802957908063 0.1425382249035921
60 0.001 3 1.0788119285853197 1.1083342516479282 0.14290367421545772
60 0.001 4 1.017245893408652 1.0594701406849907 0.1431343023698401
60 0.001 5 0.9759007744520388 1.025268482208176 0.1432646337755924
60 0.001 6 0.9461887163308681 1.0007256934368907 0.14337094967408986
60 0.001 7 0.9243186890379634 0.982765061167423 0.14345059393337103
60 0.001 8 0.9077524066455764 0.9692420788353114 0.14349349135656086
60 0.001 9 0.8947567826631837 0.9587333232968824 0.14353305729535268
60 0.001 10 0.8841839798516479 0.9503040812896981 0.14356137405853095
60 0.001 11 0.8752760448785257 0.9433365028460855 0.14358609288165594
60 0.001 12 0.8675328016151631 0.9374229138321206 0.1436011966294644
60 0.001 13 0.8606289229457208 0.9322986163192495 0.14361281522717956
60 0.001 14 0.8543580974939005 0.9277945454830954 0.1436241934631911
60 0.001 15 0.8485910867000432 0.9238013426928056 0.14363143277635895
60 0.001 16 0.843244012486782 0.9202436934849635 0.14364519021033256
60 0.001 17 0.8382571680940478 0.9170646975987998 0.14365951934777896
60 0.001 18 0.8335833173923963 0.9142179141048989 0.143657412026623
60 0.001 19 0.8291823770970365 0.9116637826833472 0.14365912891400054
60 0.001 20 0.8250193027305284 0.9093679889819248 0.1436698278774452
60 0.02 1 1.9157684567790536 1.3659362908209387 0.14203407428607362
60 0.02 2 1.191362309144619 1.1821453913308602 0.1427455807507928
60 0.02 3 1.075551785614933 1.105093363278986 0.14308435545093512
60 0.02 4 1.0166368006976445 1.0575214278039506 0.14330572338557196
60 0.02 5 0.9774015317244026 1.0237943046415776 0.14344797140008472
60 0.02 6 0.948693872036271 0.9987935210274983 0.1435510038032426
60 0.02 7 0.9270970564929852 0.9799857184381324 0.14364175731499246
60 0.02 8 0.9105801107437788 0.9655732694744481 0.14369691889765115
60 0.02 9 0.8976497710417457 0.9542518868905611 0.14373779488052738
60 0.02 10 0.8872329636917143 0.9451137452085938 0.14376647433113998
60 0.02 11 0.8785817795901424 0.9375327727413145 0.1437881298271226
60 0.02 12 0.8711777333482917 0.9310749820737917 0.14381048821718267
60 0.02 13 0.8646619892914209 0.9254401151625993 0.14383132256767367
60 0.02 14 0.8587899883512996 0.9204243960055352 0.14384871579095523
60 0.02 15 0.8534007822428723 0.9158941288510098 0.1438645578971271
60 0.02 16 0.8483931456049741 0.9117640850878238 0.1438762349611727
60 0.02 17 0.8437050147163677 0.9079792272215743 0.14388717626874778
60 0.02 18 0.8392966225098109 0.904500874640498 0.14391358138217442
60 0.02 19 0.835138768394458 0.9012980972691993 0.14392597301342128
60 0.02 20 0.8312063605912864 0.8983435298815695 0.14394314392188495
60 0.1 1 1.8866242794342467 1.351984410629645 0.14245304027728098
60 0.1 2 1.17993703920366 1.1715291966122408 0.14303475802538765
60 0.1 3 1.073815350529283 1.0991697329491366 0.1432926667633226
60 0.1 4 1.0236236053006202 1.0570804228240824 0.1434721266513962
60 0.1 5 0.9926033402946864 1.028709067866737 0.14359366859203002
60 0.1 6 0.9708568897267774 1.0077955942364019 0.14370670229680807
60 0.1 7 0.954363990288103 0.9914431120480158 0.14378394670782627
60 0.1 8 0.9412073138295505 0.978159820225503 0.14385629009744064
60 0.1 9 0.9303803761334483 0.9671087792419445 0.14391731509946917
60 0.1 10 0.9213014211995467 0.9577711201360098 0.14397566001132375
60 0.1 11 0.9135928781050862 0.9497893284025298 0.1440346359005897
60 0.1 12 0.9069820845470504 0.9428967236844066 0.1440710219288463
60 0.1 13 0.9012586403595997 0.9368859029916629 0.14410767205537842
60 0.1 14 0.8962555631326755 0.9315928398602292 0.14414525033348793
60 0.1 15 0.8918391743054335 0.9268869097644062 0.14417448155026238
60 0.1 16 0.8879020937344093 0.9226635195288927 0.14420509881799023
60 0.1 17 0.8843577070764861 0.9188383608547072 0.14423375054091325
60 0.1 18 0.8811357252845348 0.9153429526842679 0.14425716640931724
60 0.1 19 0.8781787118245017 0.912121260006062 0.14427872849787735
60 0.1 20 0.8754394574359831 0.9091271927678048 0.14431077289623362
60 1.0 1 1.7837596423036146 1.530895045775582 0.14267297996982164
60 1.0 2 1.3814569006565072 1.4384924745345489 0.14272721658127316
60 1.0 3 1.3636808580776054 1.411987716155442 0.1429120576267186
60 1.0 4 1.3562572556927484 1.3941133059916497 0.1431702911722734
60 1.0 5 1.348414225106816 1.3794245656567365 0.14340387495910153
60 1.0 6 1.3404882224207961 1.3670067629787335 0.14359636320118008
60 1.0 7 1.3331437837221265 1.3565690626497269 0.1437694492015634
60 1.0 8 1.3267172322165321 1.347891812524084 0.14390212961530227
60 1.0 9 1.321310133673445 1.3407587397965859 0.14401740122341333
60 1.0 10 1.31689778041362 1.3349602039125128 0.14413856216875887
60 1.0 11 1.313395132153302 1.3303010726854587 0.14423684521060814
60 1.0 12 1.310692795325235 1.3266049879740858 0.1443257225211492
60 1.0 13 1.3086760699143016 1.3237156964144043 0.1444001033059663
60 1.0 14 1.3072348073958135 1.3214967172378156 0.14447415260864202
60 1.0 15 1.306268246119135 1.3198301624121584 0.14453696901314683
60 1.0 16 1.3056870475921147 1.3186151562705548 0.14457592764074947
60 1.0 17 1.3054137534286439 1.317766096890092 0.14460665082031202
60 1.0 18 1.3053823597587826 1.317210896001665 0.14464771842724738
60 1.0 19 1.3055374223789868 1.3168892782586794 0.1446715848033233
60 1.0 20 1.3058329436427425 1.3167511881133658 0.14468614673177932
