10 0.001 1 1.0379583430329395 0.9534181021153133 0.14463566437171493
10 0.001 2 0.9199903543888013 0.9078295994599487 0.14476093462509096
10 0.001 3 0.891874310208212 0.8916923771065695 0.14480000617867336
10 0.001 4 0.879000636461003 0.8836279168783782 0.14480340226205307
10 0.001 5 0.8716687634756523 0.878982670185207 0.14481536735679415
10 0.001 6 0.866995511274755 0.8760781756778017 0.144821587786229
10 0.001 7 0.863791565403468 0.8741613963033066 0.14481932181167378
10 0.001 8 0.8614737043569236 0.872845852481834 0.14481544768470586
10 0.001 9 0.8597215116223715 0.8719133972695469 0.14482084493717082
10 0.001 10 0.8583434240316616 0.8712311554359198 0.14481205507182304
10 0.02 1 1.0382071128425143 0.9505776628971926 0.14466506972278081
10 0.02 2 0.9194578855790508 0.9061475980435658 0.14479473819942687
10 0.02 3 0.8915889932569996 0.8903220258272154 0.14484815144506502
10 0.02 4 0.8788313228463404 0.8824040554303345 0.14484501272882408
10 0.02 5 0.8715740591924854 0.8778366248407746 0.14485029061969237
10 0.02 6 0.8669563197150703 0.8749724041083645 0.1448526977859404
10 0.02 7 0.863797227988247 0.8730718569624757 0.14484661465995988
10 0.02 8 0.8615177928782775 0.8717557389161142 0.14484790911239026
10 0.02 9 0.8598001810327061 0.8708103496315733 0.14484953452047783
10 0.02 10 0.8584546066858224 0.8701058203489727 0.14484664911475068
10 0.1 1 1.044752505968217 0.9496719671395164 0.14476542201121914
10 0.1 2 0.9261630670297464 0.9089300073056285 0.1448544769814912
10 0.1 3 0.899136191014269 0.8943265409509593 0.14487383988368674
10 0.1 4 0.8866990139795506 0.8870035401104268 0.14487961515114087
10 0.1 5 0.8795861751106441 0.8827417990935866 0.14487618462903198
10 0.1 6 0.8750346851517941 0.8800275470859696 0.1448704748852926
10 0.1 7 0.8719069550378173 0.8781887927069102 0.14487021841680098
10 0.1 8 0.8696469603797596 0.8768850428317237 0.1448738825411801
10 0.1 9 0.8679510414273361 0.8759271122107304 0.1448761618541623
10 0.1 10 0.8666397996956708 0.8752024539110478 0.14487652947028615
10 1.0 1 1.4215926749897971 1.3893352991773438 0.14464566072984297
10 1.0 2 1.3639320225756504 1.3553728111799324 0.14478510588577675
10 1.0 3 1.3458380603649176 1.3434270577365914 0.14482837484291747
10 1.0 4 1.3369607937276557 1.3371145616130191 0.14485128024772895
10 1.0 5 1.3316357668072272 1.3332553032178707 0.14485374237586196
10 1.0 6 1.3281177460156268 1.3306907468297202 0.14486760253143363
10 1.0 7 1.3256500491207304 1.328890421495586 0.14487938538209208
10 1.0 8 1.3238462303720955 1.3275767805699803 0.14488175658186916
10 1.0 9 1.3224871846526622 1.3265905389464427 0.14488331105350405
10 1.0 10 1.3214391754169823 1.3258337595109655 0.14488492494519048
20 0.001 1 1.0724052379793536 0.9826758377159955 0.1433295364021455
20 0.001 2 0.9392306642656332 0.9281979361985799 0.14388368629374362
20 0.001 3 0.9066251150557145 0.9082488585027919 0.14411222507850638
20 0.001 4 0.8907262227030294 0.8976315115026026 0.14422574606877428
20 0.001 5 0.8810393163606594 0.8911282642815539 0.1442915457065096
20 0.001 6 0.8744575484210688 0.8868065866440836 0.14434240202509638
20 0.001 7 0.8696588599332812 0.8837719287016991 0.14437456728977982
20 0.001 8 0.8659725768232641 0.8815490986087817 0.14439496034295823
20 0.001 9 0.8630158638954808 0.8798585621030655 0.14442039761800865
20 0.001 10 0.8605487363409201 0.8785206715748288 0.14443994268034493
20 0.02 1 1.0680771702508913 0.9808971216059887 0.14342550745924665
20 0.02 2 0.9364920384636249 0.9262805841462466 0.14394302794598474
20 0.02 3 0.9045767285825906 0.9063960519931098 0.14417249736768997
20 0.02 4 0.8891216568535811 0.895796128556746 0.1443086509743126
20 0.02 5 0.8797532988017559 0.8892783904358397 0.14439331270177966
20 0.02 6 0.8734279413007602 0.8849268415805926 0.1444471595431705
20 0.02 7 0.8688563925763102 0.8818581052759118 0.14449336029845478
20 0.02 8 0.8653880695406385 0.8796059189396378 0.14452946786038603
20 0.02 9 0.86265536077708 0.8778998338828549 0.14454318517292314
20 0.02 10 0.8604326496122744 0.8765710386731388 0.14455820526680258
20 0.1 1 1.0570467807842654 0.9824969549538349 0.1435452575254347
20 0.1 2 0.9335116234361153 0.9264489051781193 0.1440616262232519
20 0.1 3 0.9037082191653583 0.9066951962716344 0.1442830415673491
20 0.1 4 0.8896749523043961 0.8963056805949278 0.14438700087772083
20 0.1 5 0.8813501631727838 0.8899703519115767 0.1444717247543902
20 0.1 6 0.8758560873257119 0.8857623559241384 0.14453011027659352
20 0.1 7 0.8719851637439334 0.8828031666603103 0.14455860195788198
20 0.1 8 0.8691327584448402 0.8806342948939017 0.14459727565383274
20 0.1 9 0.8669604027541604 0.8789934226792103 0.14462810262142123
20 0.1 10 0.8652631760610958 0.8777199632810859 0.14464347302446023
20 1.0 1 1.2273974216615793 1.3263677229838706 0.1434122000745208
20 1.0 2 1.2609338462732076 1.2938602878152128 0.14401819092239573
20 1.0 3 1.2701779745707331 1.293190268805965 0.14429436352594943
20 1.0 4 1.2785584856476961 1.2958440673875775 0.14445056443051096
20 1.0 5 1.2847402991490642 1.2988006354093025 0.14452932602888136
20 1.0 6 1.2894301211637695 1.3015024294046054 0.144607254939512
20 1.0 7 1.2931131485977707 1.3038636543338877 0.14465090788851465
20 1.0 8 1.2960884624275948 1.3059068877127293 0.1446829595194379
20 1.0 9 1.2985456765251708 1.307676392948087 0.14470805769834016
20 1.0 10 1.3006102063900584 1.309215422618199 0.14473313535936794
30 0.001 1 1.2633815745512735 1.0847479834876261 0.1425948845340659
30 0.001 2 0.9991831677623831 0.9878000439856235 0.14329825890706815
30 0.001 3 0.9457256289338624 0.9529827814934912 0.14365268443768475
30 0.001 4 0.9202413018459954 0.9340492844904652 0.1438328571677233
30 0.001 5 0.9045958330452254 0.922120719209586 0.14395829912724625
30 0.001 6 0.8938320365766718 0.9139422771486202 0.1440500688710511
30 0.001 7 0.8858674365638433 0.9080001811619315 0.14411692257419667
30 0.001 8 0.8796470930378331 0.9034824476583088 0.14416989240161984
30 0.001 9 0.8745674392286045 0.8999063955350672 0.14419621420251022
30 0.001 10 0.8702490477602072 0.8969599569787529 0.14422152108549327
30 0.02 1 1.2584479489114864 1.08198782215136 0.14259164218147738
30 0.02 2 0.9961319044490273 0.9845400532215476 0.14330416672788376
30 0.02 3 0.9432264820985339 0.9496900865256422 0.14367267763730993
30 0.02 4 0.9181659393976629 0.9307422471087373 0.14386624724976518
30 0.02 5 0.9028699450380179 0.9187894407413262 0.14398214253681935
30 0.02 6 0.8924229213721024 0.9105801267701737 0.14406710554817054
30 0.02 7 0.8847669650683198 0.9046091736466777 0.14412668087067562
30 0.02 8 0.878865648544507 0.9000756091171628 0.14417770457887924
30 0.02 9 0.8741326325857299 0.8965100234368618 0.14422197154942307
30 0.02 10 0.8702063849953242 0.8936156264190319 0.14425191388957703
30 0.1 1 1.2414152819456743 1.0816403162151484 0.1428743707701834
30 0.1 2 0.9896715368761853 0.9833724844266459 0.14349952700566015
30 0.1 3 0.9401274124616961 0.9490220810279778 0.14381365996889242
30 0.1 4 0.9174951584606278 0.930513004700673 0.14399018825954885
30 0.1 5 0.904010146688921 0.9188791686805258 0.1441020541679872
30 0.1 6 0.8949940146404107 0.9108897285858987 0.14418999070740968
30 0.1 7 0.8885239547071881 0.9050654900045766 0.14424807014573918
30 0.1 8 0.8836466200307977 0.9006290092510887 0.14430826704774824
30 0.1 9 0.8798321275021547 0.8971323876846476 0.14436188165384028
30 0.1 10 0.8767617403547178 0.8942997650103762 0.14439644456575645
30 1.0 1 1.2868632600221543 1.3632395498418526 0.14297272574992612
30 1.0 2 1.2577144947428651 1.3068244938694749 0.14356677496303163
30 1.0 3 1.2641018019657868 1.2996446624055564 0.1438712188201311
30 1.0 4 1.2721601453006603 1.298623390882215 0.14407135831900902
30 1.0 5 1.2780510430109686 1.2991445897817566 0.14423549734385585
30 1.0 6 1.2824900881555816 1.3001831953324532 0.14435181330067684
30 1.0 7 1.2860273025664815 1.301417343417563 0.1444468442398015
30 1.0 8 1.2889778099052143 1.3027182016057848 0.14450970238719424
30 1.0 9 1.2915203744034611 1.3040246683222299 0.14457538650104096
30 1.0 10 1.293759992323234 1.3053042493897318 0.14461819839069812
60 0.001 1 1.9234385285130657 1.369351168203617 0.14200759072993657
60 0.001 2 1.1971688664698248 1.1864450921127774 0.14269125010251196
60 0.001 3 1.079063611994957 1.1088497319577917 0.14303250323843392
60 0.001 4 1.017625839625027 1.060218545337575 0.14322245277799905
60 0.001 5 0.976288860971702 1.0260076792395436 0.14333813179997903
60 0.001 6 0.9465020129962334 1.0013848153577296 0.143426551638073
60 0.001 7 0.9245998756562234 0.9833943335231912 0.14351011357785198
60 0.001 8 0.9080889651499342 0.9699181711210135 0.14356207866366075
60 0.001 9 0.8952318747600302 0.9595287562728986 0.14359229022893713
60 0.001 10 0.8848665986302438 0.9512791022178865 0.14361217397016537
60 0.02 1 1.915065443602194 1.3654939352851516 0.1420144416878902
60 0.02 2 1.190835435543237 1.1820136181231995 0.1427105419565112
60 0.02 3 1.0747885834345439 1.1042965655821888 0.14303810551729243
60 0.02 4 1.0153461509615778 1.0560178666088147 0.1432774833573043
60 0.02 5 0.9757421206631788 1.0219609002105867 0.1434084320741539
60 0.02 6 0.947030495339687 0.9970087859158334 0.1435132589808367
60 0.02 7 0.9256628689235438 0.9784119893291287 0.14358687498336883
60 0.02 8 0.9094338295973551 0.9642420510227464 0.14363881007636975
60 0.02 9 0.8967777981682977 0.9531571066529548 0.14370368090136862
60 0.02 10 0.8866100495211573 0.9442443252658885 0.14373308999055767
60 0.1 1 1.8881009676329639 1.3527594640434608 0.14238492609615033
60 0.1 2 1.1803957666525968 1.172178441633135 0.142965813821596
60 0.1 3 1.0739755305047363 1.099632523101477 0.14322284150986797
60 0.1 4 1.0235142457130197 1.0573317280377972 0.1433787915190491
60 0.1 5 0.9922410989149116 1.0287240114884657 0.14351754346593984
60 0.1 6 0.9702576551747554 1.00756803256363 0.1436043875647371
60 0.1 7 0.9535548706022918 0.990995253475152 0.14370073801266536
60 0.1 8 0.9402315785321226 0.9775374177721682 0.14376689498149442
60 0.1 9 0.929291371060383 0.9663670374103005 0.14382962806066424
60 0.1 10 0.9201514198835143 0.9569611241774387 0.14388527181896793
60 1.0 1 1.784059691600553 1.5342808436901363 0.14270846279042695
60 1.0 2 1.381367103677613 1.440202428572303 0.14281597801169474
60 1.0 3 1.3635269491585438 1.4128352596756388 0.14296490169924284
60 1.0 4 1.3560935657116726 1.3945847028806313 0.14318569270997106
60 1.0 5 1.3482612405454675 1.3796936930869956 0.14340154061393734
60 1.0 6 1.3403526957856993 1.3671497617548587 0.1436052396371252
60 1.0 7 1.3330270093280938 1.3566274510312106 0.14377526139963884
60 1.0 8 1.326618109465812 1.3478925686982561 0.1439305034354228
60 1.0 9 1.3212267338675954 1.3407212515680949 0.1440619612236016
60 1.0 10 1.3168280656128393 1.334898919791991 0.14415994913960867
