10 0.001 1 1.038801553727132 0.953458682769782 0.1446138253248909
10 0.001 2 0.9200801808883257 0.9079401425677708 0.14472910902464747
10 0.001 3 0.8919023201172466 0.8917999782418177 0.14477204664624202
10 0.001 4 0.8790147794767339 0.8837396179083634 0.14480043251897137
10 0.001 5 0.8716786003152172 0.8790927935184659 0.14480399436330457
10 0.001 6 0.8670030787305022 0.8761825833916442 0.1448058770726317
10 0.001 7 0.8637971313816442 0.8742578287079719 0.14482009893154404
10 0.001 8 0.86147696944854 0.8729331826788782 0.1448200224305678
10 0.001 9 0.8597219224693571 0.8719910364497137 0.14481421690829963
10 0.001 10 0.8583401936888171 0.8712986225418233 0.14480989685103776
10 0.02 1 1.0383896896234557 0.9506392987851728 0.14466002187456425
10 0.02 2 0.919411202296824 0.9060041467509956 0.14480003866438046
10 0.02 3 0.8915656551648484 0.8902007605204852 0.14481607133991525
10 0.02 4 0.8788316271328405 0.8823164905479599 0.14483092143417764
10 0.02 5 0.8715882447416538 0.8777746223579661 0.14483919924864241
10 0.02 6 0.8669766860637915 0.8749273185374778 0.14483113810250747
10 0.02 7 0.8638186777323961 0.8730371553775458 0.14483857368706743
10 0.02 8 0.8615368711425168 0.8717264891602582 0.14483229076639995
10 0.02 9 0.8598141243169722 0.8707824179528303 0.14482210202563617
10 0.02 10 0.858460674990721 0.8700752399927989 0.14482297644224812
10 0.1 1 1.0449963220642686 0.9494017015981477 0.14486602779150473
10 0.1 2 0.9263049459800717 0.9087331483954227 0.14489504771782905
10 0.1 3 0.8991969278417181 0.8942113427898243 0.14491120704135363
10 0.1 4 0.8867312036470445 0.886934824928029 0.1449052840339726
10 0.1 5 0.8796062297979275 0.8826970799467687 0.14489628823147557
10 0.1 6 0.8750479249947425 0.8799962581305312 0.14489345679125343
10 0.1 7 0.8719155847852983 0.8781656184563112 0.14489477502931905
10 0.1 8 0.8696519763298317 0.876866775722398 0.1448904315499461
10 0.1 9 0.8679528201564413 0.8759114322776028 0.14488802447948168
10 0.1 10 0.8666383339808078 0.8751874613164838 0.1448881546858258
10 1.0 1 1.421059848969648 1.3890815957508513 0.14466954746217245
10 1.0 2 1.3638269333845885 1.3551232218232014 0.14477971593909908
10 1.0 3 1.3458309370151298 1.3430553177025626 0.14482581882009268
10 1.0 4 1.336970576497096 1.3366964196927227 0.1448485490036322
10 1.0 5 1.331651160371512 1.3328214119850044 0.14486446877106685
10 1.0 6 1.3281364318441984 1.330257350063755 0.14487431799710068
10 1.0 7 1.3256711955448832 1.3284678827187908 0.1448729883919333
10 1.0 8 1.3238691233348587 1.3271717783073225 0.14488136549864583
10 1.0 9 1.322511102394755 1.32620708020637 0.14488595002801558
10 1.0 10 1.3214634556908438 1.325473935552435 0.14489138085696127
20 0.001 1 1.0706476944555556 0.981024258195378 0.14336135247424694
20 0.001 2 0.9385962352084659 0.9274549715560293 0.14394009585226183
20 0.001 3 0.9063508356685197 0.9078785758957209 0.14416869904695176
20 0.001 4 0.8905581823451081 0.8974097115823633 0.14428306444765104
20 0.001 5 0.8809010587643111 0.8909643997312326 0.1443552525293071
20 0.001 6 0.8743168491623333 0.8866554863280851 0.14441473629487314
20 0.001 7 0.8694949686783541 0.8836034574299348 0.1444390085914875
20 0.001 8 0.8657653027318403 0.8813358778966361 0.14446388568479204
20 0.001 9 0.862740468173144 0.8795698573873129 0.1444830373459062
20 0.001 10 0.8601728008986169 0.8781189132460216 0.14450360545602287
20 0.02 1 1.0669056897618052 0.9802015110746928 0.14340437175039528
20 0.02 2 0.9359527645626009 0.9258128330480225 0.14394006334051074
20 0.02 3 0.9042933077962375 0.906079504750963 0.14417497382786815
20 0.02 4 0.8889172767122281 0.8955589714439727 0.14428990772872596
20 0.02 5 0.8795736252484638 0.8890876352155984 0.1443676628001786
20 0.02 6 0.8732527448511296 0.8847621574808106 0.14442230974116532
20 0.02 7 0.8686739584382145 0.8817037276062711 0.14444731928992252
20 0.02 8 0.8651879959793553 0.8794472749518603 0.14447363138044003
20 0.02 9 0.8624258562984177 0.8777214822345097 0.14449435715842746
20 0.02 10 0.8601588433740003 0.8763549253056573 0.14451307294708143
20 0.1 1 1.0578199088708664 0.9839061803337589 0.1435262859529113
20 0.1 2 0.9339675766340607 0.9273754760555575 0.14407460805164835
20 0.1 3 0.904016045734245 0.9074016360726879 0.1442787373441365
20 0.1 4 0.8898859246750861 0.8968648698714295 0.14440311619409288
20 0.1 5 0.881500968567383 0.8904314087967667 0.1444895377441359
20 0.1 6 0.8759690488231358 0.8861562701868894 0.14454197292526355
20 0.1 7 0.8720737584275439 0.8831490243023254 0.14458801359592122
20 0.1 8 0.8692054495943251 0.8809441938134016 0.1446186982350977
20 0.1 9 0.8670228078646478 0.879275469764409 0.14465427851674928
20 0.1 10 0.8653192736497747 0.8779799852856579 0.14467264250540535
20 1.0 1 1.2272703547731219 1.3280799946026427 0.14337280960467072
20 1.0 2 1.2608031798286583 1.2940419676522095 0.1440145912836811
20 1.0 3 1.2699638945105105 1.292986592874754 0.1442804226741453
20 1.0 4 1.2783571495678603 1.295459582214777 0.14442404116781496
20 1.0 5 1.2845578747797626 1.298336947732149 0.14452135737341895
20 1.0 6 1.2892669084579067 1.3010161070300383 0.14459368548775747
20 1.0 7 1.2929685240674929 1.303386420385874 0.14464092984420024
20 1.0 8 1.2959614110579811 1.3054558256274613 0.1446726880303698
20 1.0 9 1.298434910844301 1.3072597689110008 0.1447087280190292
20 1.0 10 1.3005142719479015 1.3088362260354793 0.14473581065840035
30 0.001 1 1.263309897538587 1.0858034669411292 0.14253353759756965
30 0.001 2 0.9994894980262672 0.9882573779651015 0.14327612718732236
30 0.001 3 0.9459629502508212 0.9532949929604121 0.1436557058180137
30 0.001 4 0.9204163847276009 0.9342488586049944 0.14384685936606642
30 0.001 5 0.9047105675771667 0.9222428177042874 0.14396818926718677
30 0.001 6 0.8938910100385207 0.9140069574658963 0.14404599906180954
30 0.001 7 0.8858701531682741 0.9080132512007595 0.1440974854230837
30 0.001 8 0.8795866927556037 0.9034388682094967 0.1441474446218128
30 0.001 9 0.874430580014561 0.8997927433133603 0.14416880804159785
30 0.001 10 0.8700162865787172 0.8967564829911598 0.14419918196391643
30 0.02 1 1.2592452216727439 1.0838748450990812 0.14267683456755598
30 0.02 2 0.9960251527753945 0.9860301881102038 0.14335831922566877
30 0.02 3 0.943122614519908 0.9508084747157816 0.14369390656008574
30 0.02 4 0.9180795458708567 0.9315977641985296 0.14387449682407413
30 0.02 5 0.9027978075844478 0.9194616065664201 0.14400280482887753
30 0.02 6 0.8923578533571556 0.9111170122132483 0.14409817469177563
30 0.02 7 0.884700913452533 0.9050392816603491 0.14417915638384837
30 0.02 8 0.8787900744491367 0.9004151853817642 0.14422750732348436
30 0.02 9 0.8740379038256464 0.896766804828046 0.14426086977236907
30 0.02 10 0.8700809240829617 0.8937906298963669 0.1442954207518435
30 0.1 1 1.2412999101469335 1.0796195986147827 0.14284794110917357
30 0.1 2 0.989436133479752 0.9819135678697364 0.14349857626614126
30 0.1 3 0.9399979415999502 0.9480302950522931 0.14379295098613742
30 0.1 4 0.9174259788260739 0.9298004396814659 0.14397736575539236
30 0.1 5 0.903978017983274 0.9183478601418448 0.1440932559732421
30 0.1 6 0.8949845534724196 0.9104828221907137 0.14419152631062082
30 0.1 7 0.8885275342684532 0.904748422124123 0.14426810806109733
30 0.1 8 0.8836571731367058 0.9003800477432357 0.144320123935204
30 0.1 9 0.8798461090445586 0.8969373556319594 0.14436149653108202
30 0.1 10 0.8767772673784868 0.8941489960570421 0.1444014983199068
30 1.0 1 1.2871294993791265 1.360631098104279 0.1429442391420919
30 1.0 2 1.2581354673895127 1.3066279694346552 0.14353054323035955
30 1.0 3 1.2644649182303374 1.2998528712473294 0.1438604010761779
30 1.0 4 1.2724292089739564 1.298795138405514 0.14408443820021027
30 1.0 5 1.2782555694760598 1.2992134196633154 0.1442282475645416
30 1.0 6 1.2826518260483675 1.3001603618725222 0.14434422135435718
30 1.0 7 1.2861582640209586 1.301326796100618 0.14443461582895578
30 1.0 8 1.289084548128543 1.30258206194065 0.14452052333360565
30 1.0 9 1.2916069410482731 1.3038604893437795 0.14457093810054839
30 1.0 10 1.293829372525341 1.3051251591979436 0.1446115419096774
60 0.001 1 1.9246618231539554 1.3693802837668183 0.1419876506489337
60 0.001 2 1.1981963623093428 1.1869432271784373 0.1426917734754291
60 0.001 3 1.0800381651062307 1.1093613825469917 0.14303792642148325
60 0.001 4 1.0184119852871103 1.0606682323431496 0.1432234553692162
60 0.001 5 0.9769303039545054 1.0264259284210127 0.14333563872298344
60 0.001 6 0.94705279169304 1.0017890173012147 0.14342595728923294
60 0.001 7 0.9250813172138751 0.9837883434056707 0.14349342300243187
60 0.001 8 0.9085097546202369 0.9703066403507796 0.14352460191300734
60 0.001 9 0.8955995518310614 0.9599169530359885 0.14355118023705257
60 0.001 10 0.8851891759789281 0.9516719201991455 0.14356063296220295
60 0.02 1 1.9156852905473967 1.3644484777754025 0.14200688258845964
60 0.02 2 1.1909828808509542 1.181241676940556 0.14271443543959764
60 0.02 3 1.075022724542354 1.1039860031450084 0.14302620073456387
60 0.02 4 1.0156452183820497 1.056052572697036 0.1432372677431102
60 0.02 5 0.9760796176404143 1.0221982368813296 0.14337651842940893
60 0.02 6 0.9473818963812853 0.9973550915754175 0.14347610502582167
60 0.02 7 0.926025037887204 0.9788278588010657 0.14356733872978653
60 0.02 8 0.9098172865949493 0.9647179517350776 0.14364573742775844
60 0.02 9 0.8971984777416209 0.9536971061595382 0.14370236536474856
60 0.02 10 0.8870866754735783 0.9448591057362399 0.1437561229233013
60 0.1 1 1.8840237905775294 1.3512663367662625 0.14243666392361343
60 0.1 2 1.179536903895211 1.1717652866235972 0.14298048755713527
60 0.1 3 1.0736516115215327 1.0996175322635267 0.14323797846387848
60 0.1 4 1.0235174655315995 1.0576026479206533 0.14342021024004803
60 0.1 5 0.992513520607784 1.0292581050000509 0.14354548636454978
60 0.1 6 0.9707676861823049 1.0083504485346475 0.14364620680353926
60 0.1 7 0.9542676132051446 0.9919927560257742 0.14372962851556711
60 0.1 8 0.9411000785418201 0.9786976992448202 0.1438060413111144
60 0.1 9 0.9302615620673162 0.9676304303442063 0.14386152532895644
60 0.1 10 0.9211722647576549 0.9582729455105237 0.1439088587075685
60 1.0 1 1.784630895142255 1.5319608727837641 0.14266549881531537
60 1.0 2 1.3814363433740606 1.4400015399008705 0.1427715168902146
60 1.0 3 1.3635906435641725 1.4129081716333973 0.14294003153680196
60 1.0 4 1.3561966276413426 1.3946998411975287 0.14317316826914891
60 1.0 5 1.348403874437575 1.3798128925065296 0.14340597634614816
60 1.0 6 1.340515181285088 1.3672669682418574 0.14359572680953497
60 1.0 7 1.3331923378089598 1.356743023320775 0.14377665154763214
60 1.0 8 1.3267761574208028 1.3480069509267987 0.1439172700173175
60 1.0 9 1.321372716349057 1.3408338205189057 0.14403218605744225
60 1.0 10 1.3169603594134927 1.3350083327081277 0.14413970676917204
