10 0.001 1 1.0378207655051475 0.9529446665627072 0.14459894627863099
10 0.001 2 0.9196638686870217 0.9075923832032772 0.14475115624466625
10 0.001 3 0.8916566994625439 0.89150931583883 0.1447655754090578
10 0.001 4 0.8788605979563235 0.8834901837658996 0.14476057394566122
10 0.001 5 0.8715823202023917 0.8788750585305614 0.1447723111294916
10 0.001 6 0.8669439676215266 0.8759883075901577 0.14477389408341115
10 0.001 7 0.86376109284596 0.8740802862036287 0.14478684542725753
10 0.001 8 0.8614539301766834 0.8727667630551661 0.1447881750747796
10 0.001 9 0.8597040321678133 0.8718305860173073 0.14478257962498886
10 0.001 10 0.8583204918289239 0.8711387804267797 0.14477762486495782
10 0.001 11 0.8571797512768945 0.8706033618787931 0.14476896372092063
10 0.001 12 0.8561953335935101 0.8701608501624036 0.14476310018780106
10 0.001 13 0.8553011432578186 0.86976062336815 0.1447544902395022
10 0.001 14 0.8544416013378782 0.8693580079737462 0.14474750202391998
10 0.001 15 0.8535658624166959 0.8689105910687893 0.14474429827945523
10 0.001 16 0.8526253245379469 0.8683776067919092 0.14474794185649428
10 0.001 17 0.8515746503745597 0.8677227992099487 0.14473786491101692
10 0.001 18 0.8503765350283952 0.8669205624721037 0.14473043357418366
10 0.001 19 0.8490090609593113 0.8659631333984273 0.14473099639099668
10 0.001 20 0.8474720412572575 0.8648643759297306 0.14472450301486592
10 0.02 1 1.0387054572484171 0.951399588526898 0.14469324732380887
10 0.02 2 0.9198009495035614 0.9063580926471264 0.1448478718417855
10 0.02 3 0.8917400053032684 0.890399560536103 0.1448654089744824
10 0.02 4 0.8789312741549046 0.8824303999237508 0.14486265731219677
10 0.02 5 0.871655376044727 0.8778375562771985 0.14486151003983389
10 0.02 6 0.8670287305537092 0.8749593235765313 0.1448657916461425
10 0.02 7 0.8638646277309844 0.8730512990135852 0.14486688364696582
10 0.02 8 0.861582508504749 0.8717321785175203 0.14486844701392662
10 0.02 9 0.8598642077183134 0.8707873104916944 0.14486420147968257
10 0.02 10 0.8585201007961101 0.8700865105822758 0.1448601515978607
10 0.02 11 0.8574289902101901 0.8695452873429796 0.14485518232418657
10 0.02 12 0.8565080203537463 0.86910469056051 0.144845008279446
10 0.02 13 0.855696191337548 0.8687199072324492 0.14483874697990468
10 0.02 14 0.8549445694236592 0.868353311919858 0.14484198844344137
10 0.02 15 0.8542101149204763 0.8679700767676071 0.14484716418413332
10 0.02 16 0.8534518380350018 0.8675356769950405 0.14484941320074893
10 0.02 17 0.8526290119698064 0.8670153916066766 0.14485094373237528
10 0.02 18 0.8517018105443046 0.8663763213957134 0.14485014403340596
10 0.02 19 0.8506349007390953 0.8655922569336433 0.14485419158072935
10 0.02 20 0.8494038064626414 0.8646505144646418 0.14485687701379543
10 0.1 1 1.0458099984139753 0.9504840821608396 0.1447936678856575
10 0.1 2 0.9264527056072996 0.9093446921965586 0.14486848585757325
10 0.1 3 0.8991925703428351 0.8945880291422268 0.14488507542530898
10 0.1 4 0.8866773756098496 0.8871925471505111 0.14489503416824462
10 0.1 5 0.8795466276328 0.8828894143926539 0.14489489876347666
10 0.1 6 0.8749977282866273 0.8801493368330134 0.14489347591998228
10 0.1 7 0.8718786494230474 0.8782936129598521 0.14488926056195478
10 0.1 8 0.8696281408401106 0.8769780935514261 0.14489187171497786
10 0.1 9 0.8679407823436392 0.8760114640961469 0.14489056154083024
10 0.1 10 0.8666367461051582 0.8752799503130151 0.14488610192637097
10 0.1 11 0.8656036716893194 0.8747122899305569 0.14488406732823741
10 0.1 12 0.8647679983153999 0.8742619571565838 0.1448809140064121
10 0.1 13 0.8640797022920403 0.8738975106160082 0.14488060970632285
10 0.1 14 0.8635036622523877 0.8735970596401315 0.14488400092063114
10 0.1 15 0.8630145248070915 0.8733449459041093 0.14488357309650124
10 0.1 16 0.8625935210324787 0.8731296757483353 0.14488586874897852
10 0.1 17 0.8622264196177334 0.872942587221001 0.14488440524140317
10 0.1 18 0.8619021672074609 0.8727769630666508 0.144883736147794
10 0.1 19 0.8616119570597157 0.8726274215941142 0.1448822266877946
10 0.1 20 0.8613485712874472 0.8724894842070507 0.1448848601608048
10 1.0 1 1.4199070087311103 1.3880661481380026 0.14463802227983116
10 1.0 2 1.3634918243333172 1.3542081985192038 0.14477351122236964
10 1.0 3 1.345634658105683 1.3425215065875609 0.1448306961581405
10 1.0 4 1.3368553213432133 1.336384732111374 0.1448518774672052
10 1.0 5 1.3315754531186772 1.3326312264769622 0.1448684065846889
10 1.0 6 1.3280805484788432 1.3301385470438705 0.14487618803131705
10 1.0 7 1.3256260724719169 1.3283944262449376 0.14488454015218308
10 1.0 8 1.323830545256577 1.3271288529821896 0.14488814225758237
10 1.0 9 1.322477053649712 1.3261854806333246 0.14489338674659108
10 1.0 10 1.3214329248542942 1.3254675401948468 0.14489179772079236
10 1.0 11 1.3206124811506446 1.324912071315078 0.14489330827243926
10 1.0 12 1.3199580140285674 1.324476487428419 0.14489055766295503
10 1.0 13 1.319429325312812 1.3241310738907492 0.14489444328043555
10 1.0 14 1.3189976351048123 1.3238545650134326 0.14489481975074556
10 1.0 15 1.318641862732256 1.3236314181622086 0.1448950974232966
10 1.0 16 1.3183462664007304 1.3234500706340744 0.14489356367756398
10 1.0 17 1.318098895397848 1.323301789726338 0.14489481850448035
10 1.0 18 1.3178905464548851 1.3231798937016537 0.144892088057749
10 1.0 19 1.3177140429473053 1.3230792118130807 0.14489156925469623
10 1.0 20 1.3175637265438993 1.3229957025265089 0.14489079917860248
20 0.001 1 1.0711731379334977 0.9827046710089448 0.1433018423866157
20 0.001 2 0.9388485144174973 0.9284064141842531 0.14385452323348752
20 0.001 3 0.9064338358206535 0.9083950490576397 0.1441233782831213
20 0.001 4 0.8906005032084361 0.8977519463313481 0.144261289301422
20 0.001 5 0.8809515102353022 0.8912408539394635 0.1443293305383205
20 0.001 6 0.8743971289252714 0.8869199679730818 0.14438920085220994
20 0.001 7 0.869622398642771 0.8838920973357401 0.1444176647400056
20 0.001 8 0.865961182598149 0.8816825355831592 0.1444436331843181
20 0.001 9 0.8630345819386686 0.8800139253629483 0.14446792019103608
20 0.001 10 0.8606068091946761 0.8787100318054667 0.14448142087908628
20 0.001 11 0.8585188334706555 0.8776493580631098 0.14448731600024595
20 0.001 12 0.8566543747412234 0.8767406537047072 0.14451054555727627
20 0.001 13 0.854921147830617 0.8759093399422493 0.14451913433592667
20 0.001 14 0.853240511066654 0.875090525619319 0.14451952088460412
20 0.001 15 0.8515430070820699 0.8742272118834578 0.14452907330042786
20 0.001 16 0.8497690930265605 0.8732732213642047 0.14453280664699564
20 0.001 17 0.8478742926795849 0.8721994810583358 0.14451751532152995
20 0.001 18 0.8458361517693836 0.8709999685593262 0.1445216378424405
20 0.001 19 0.8436581272981615 0.8696922530810612 0.1445129939525827
20 0.001 20 0.8413660632656952 0.8683102591793547 0.14454116302046707
20 0.02 1 1.0673434995996902 0.9806730941037846 0.143345681579252
20 0.02 2 0.936247759319975 0.9258889553016592 0.14392150601737433
20 0.02 3 0.9044564900774137 0.9060906469650007 0.14418789042033098
20 0.02 4 0.8890565255860915 0.8955570713285091 0.1443215998515681
20 0.02 5 0.8797107134922495 0.8890799712258227 0.1444014510372661
20 0.02 6 0.8733894917469178 0.8847486715542191 0.14446347156073286
20 0.02 7 0.8688080086803888 0.8816822827861851 0.1445057640888427
20 0.02 8 0.8653157080827832 0.8794144268180194 0.14453920230367512
20 0.02 9 0.8625424239636417 0.8776723333495621 0.14455646168595718
20 0.02 10 0.8602578120560577 0.8762827061842408 0.14457804409180816
20 0.02 11 0.8583068100259795 0.8751264839121264 0.1445938500194558
20 0.02 12 0.8565767426462486 0.8741151342206608 0.1446020427303939
20 0.02 13 0.8549793908729142 0.8731777137350356 0.1446048636534312
20 0.02 14 0.8534412628686946 0.8722543123154594 0.144614134838339
20 0.02 15 0.8518993796723503 0.8712942010418349 0.14462419265340556
20 0.02 16 0.850301527245445 0.8702578691506504 0.14463425604256885
20 0.02 17 0.8486100027186695 0.8691215940572503 0.14464690868709232
20 0.02 18 0.8468067111034343 0.8678817298848798 0.1446627910211814
20 0.02 19 0.8448960457399499 0.8665550463573028 0.14466886454342492
20 0.02 20 0.8429022698253119 0.8651731303237303 0.1446747067769019
20 0.1 1 1.0571605794686134 0.98316632808686 0.14353339705839083
20 0.1 2 0.9333825733080866 0.9269001929178154 0.14406800846580714
20 0.1 3 0.9036218515748435 0.9071084945011103 0.14427226897976553
20 0.1 4 0.8896061295241191 0.896669048663122 0.14439955662606954
20 0.1 5 0.8812901622726242 0.890276937803349 0.14447983492588826
20 0.1 6 0.875801737134058 0.8860144271712825 0.14455025042871048
20 0.1 7 0.8719347528195561 0.8830069224872489 0.14459487040990182
20 0.1 8 0.8690850992364237 0.8807968186959388 0.14462606257408706
20 0.1 9 0.8669145782836235 0.8791213505701889 0.14465736522929626
20 0.1 10 0.8652184255076477 0.8778190130644722 0.1446728831429047
20 0.1 11 0.8638651323344679 0.8767851870012363 0.144686476779291
20 0.1 12 0.8627662025221298 0.8759491653916903 0.14470225481196217
20 0.1 13 0.8618597404497371 0.8752614159360161 0.14471689737089613
20 0.1 14 0.8611009853720073 0.8746861156273139 0.1447254009222453
20 0.1 15 0.8604565699743688 0.8741965669112586 0.1447342623150256
20 0.1 16 0.8599008846709009 0.873772267564445 0.14473595471968215
20 0.1 17 0.8594136861227822 0.8733969694107756 0.14474720105002076
20 0.1 18 0.8589784692844011 0.8730573500297749 0.1447500357084462
20 0.1 19 0.8585813246656832 0.8727420780367524 0.14475354573735408
20 0.1 20 0.8582101157076012 0.8724411415931249 0.14476040455921965
20 1.0 1 1.2271168600785105 1.3266302404570192 0.14344937633130553
20 1.0 2 1.2608765904641839 1.293058005094589 0.1440552288497051
20 1.0 3 1.2700322011592113 1.2922684282948793 0.14430163450918812
20 1.0 4 1.278419333164082 1.29495176727539 0.14443144095983146
20 1.0 5 1.2846212193479485 1.297987769633441 0.14452987102631198
20 1.0 6 1.2893341912842273 1.3007816424416463 0.1445942174937353
20 1.0 7 1.2930396804152458 1.3032336334521766 0.14464097289622543
20 1.0 8 1.2960351315752783 1.3053609630323468 0.14467805661888308
20 1.0 9 1.2985095448293544 1.3072059734522832 0.1447078841902841
20 1.0 10 1.3005882694830844 1.3088115418784982 0.14473182027803014
20 1.0 11 1.3023578636131738 1.3102149762263882 0.144754463404994
20 1.0 12 1.3038802500268059 1.3114472814945615 0.144773420763044
20 1.0 13 1.3052011055233534 1.312533893719813 0.144788087920461
20 1.0 14 1.306355029911211 1.313495679017768 0.14479210676984672
20 1.0 15 1.307368843806989 1.3143498455230171 0.14480468708329955
20 1.0 16 1.308263758391757 1.3151106900113105 0.14481512769822152
20 1.0 17 1.3090568426786742 1.3157901855889722 0.14481846269502238
20 1.0 18 1.3097620406137613 1.3163984382106686 0.14482471930399335
20 1.0 19 1.3103908922661032 1.3169440408178406 0.1448326123584736
20 1.0 20 1.3109530559801907 1.3174343492651004 0.1448402758455263
30 0.001 1 1.2636016040442994 1.0879940644818804 0.14245365597535553
30 0.001 2 0.9998448401119149 0.9895020576024022 0.14322622272274105
30 0.001 3 0.9460618272083255 0.9541567321879075 0.1435811680677749
30 0.001 4 0.9204590713326997 0.9349618752828205 0.1437683621261816
30 0.001 5 0.90476703501366 0.9228928173816484 0.14389265674645949
30 0.001 6 0.8939964701799306 0.9146438792078562 0.1439747841590185
30 0.001 7 0.886056326150567 0.9086815488171509 0.14405011746380775
30 0.001 8 0.8798923099820514 0.9041882768840901 0.1440911759463986
30 0.001 9 0.8749066097730058 0.9006835412586576 0.14413042070255064
30 0.001 10 0.8707287831284071 0.8978616622094899 0.14415346400605228
30 0.001 11 0.8671109009317867 0.8955135537156111 0.1441664902475889
30 0.001 12 0.8638744893139898 0.8934858421169781 0.1441804942862925
30 0.001 13 0.8608822183369343 0.8916590314978227 0.14419399995907736
30 0.001 14 0.8580234513206303 0.8899371816752647 0.1441898042661133
30 0.001 15 0.8552091247618054 0.888245709294766 0.1441942632030478
30 0.001 16 0.8523732855766382 0.886534439750141 0.14420378381027835
30 0.001 17 0.8494776422295559 0.8847813968781791 0.1442214677591197
30 0.001 18 0.8465136956462012 0.8829917978774992 0.14422670608150118
30 0.001 19 0.8434978398806832 0.88118965088389 0.1442380981790842
30 0.001 20 0.8404598665625315 0.8794053250666862 0.14424980080092867
30 0.02 1 1.2592904735098052 1.0839184587646105 0.1426194584426141
30 0.02 2 0.9960239099558315 0.9856758399265941 0.14328899325784247
30 0.02 3 0.9430534243322699 0.9505831022745299 0.14361982838366724
30 0.02 4 0.9180272694556273 0.931492161290387 0.1438120187823921
30 0.02 5 0.9027654316384321 0.9194412428149821 0.14392929139072566
30 0.02 6 0.8923438097738791 0.9111537777468788 0.14402865154174518
30 0.02 7 0.8847033328392905 0.9051130991121633 0.1440820471138708
30 0.02 8 0.8788073618733357 0.900512237932594 0.14413759479980345
30 0.02 9 0.8740689261539655 0.8968777072284203 0.14417712280353095
30 0.02 10 0.8701250612936523 0.8939090543086857 0.1442213041125707
30 0.02 11 0.866733866910381 0.8914018804020836 0.14424746518859674
30 0.02 12 0.8637227027755708 0.8892079351826906 0.14427675047879812
30 0.02 13 0.8609607191862529 0.887213916212924 0.14429461267558033
30 0.02 14 0.8583447135056417 0.8853311521718504 0.14431248357468732
30 0.02 15 0.8557934433640823 0.8834924080854584 0.14432347677699603
30 0.02 16 0.853247535900406 0.8816529721911683 0.1443401519661187
30 0.02 17 0.8506719242163665 0.8797925192163889 0.1443575367798875
30 0.02 18 0.8480568890148458 0.8779138624779558 0.14438101762625694
30 0.02 19 0.8454143638622631 0.8760365478730279 0.1443911828496647
30 0.02 20 0.8427692438843295 0.8741870264641534 0.14439661358031416
30 0.1 1 1.238729015323699 1.0838746666615107 0.14281989987777532
30 0.1 2 0.9896119563271838 0.9842694140543531 0.14348530399579534
30 0.1 3 0.9402707793184522 0.9493171530123424 0.14378080856512598
30 0.1 4 0.9176682066163232 0.9305226212398094 0.14396214339889207
30 0.1 5 0.9041837822153294 0.9187530786120868 0.1440897365546716
30 0.1 6 0.8951597498852433 0.9107049785247773 0.14418473721149075
30 0.1 7 0.8886785235353238 0.9048640565038043 0.14423842490771763
30 0.1 8 0.8837890642949239 0.9004343675545973 0.1442985869337141
30 0.1 9 0.879962834729627 0.8969575957646283 0.14434394392587913
30 0.1 10 0.8768818983181839 0.8941517556727868 0.14438078667724263
30 0.1 11 0.8743432861451111 0.8918342332471486 0.14441711435458
30 0.1 12 0.8722111693680602 0.8898817568987808 0.14445467729970266
30 0.1 13 0.8703910282398748 0.8882081477568979 0.14447267474384845
30 0.1 14 0.8688148297218745 0.8867512733916962 0.14449229486172352
30 0.1 15 0.8674320889299824 0.8854650490390381 0.1445136678589175
30 0.1 16 0.8662042471489313 0.8843143419262386 0.14453064460305082
30 0.1 17 0.8651010040740369 0.8832716143182698 0.1445475623109259
30 0.1 18 0.8640978467065421 0.8823146462455098 0.14456529801125706
30 0.1 19 0.8631743378636264 0.8814249527623892 0.14457920080992223
30 0.1 20 0.8623129058210756 0.8805866661449571 0.1445950413251557
30 1.0 1 1.2863463951400067 1.3636025875327378 0.14287915804425222
30 1.0 2 1.2577005853423253 1.3086555718215493 0.1434767622338964
30 1.0 3 1.2642061102977242 1.3013748450755054 0.14379841733312174
30 1.0 4 1.2722383970294637 1.3000056281041465 0.1440455286415338
30 1.0 5 1.2780985603415875 1.300201287315163 0.14422020277315165
30 1.0 6 1.2825181412325086 1.300983212613086 0.14433729342041465
30 1.0 7 1.2860444316889839 1.3020244287923177 0.14442166830861397
30 1.0 8 1.2889886443230014 1.3031819713259618 0.14450172519668456
30 1.0 9 1.2915271362221403 1.3043818255658277 0.14455896720892922
30 1.0 10 1.2937637207266117 1.3055815892666405 0.14461287892543395
30 1.0 11 1.2957625170822855 1.3067555692084747 0.1446434555147744
30 1.0 12 1.2975652431946447 1.3078878555910551 0.14467037372550104
30 1.0 13 1.2992005722106055 1.3089687072545746 0.144689978313727
30 1.0 14 1.300689350715489 1.3099924798735456 0.14471066647184783
30 1.0 15 1.3020475852188642 1.3109563431383175 0.14472232809161678
30 1.0 16 1.303288186321948 1.3118594352477546 0.14473305643959575
30 1.0 17 1.3044220034523337 1.312702278312916 0.14475047244202086
30 1.0 18 1.3054584468892174 1.3134863601488027 0.14476672629457726
30 1.0 19 1.3064058667179386 1.3142138283968228 0.14478167830754693
30 1.0 20 1.3072717875926638 1.3148872639815616 0.14478632708423436
60 0.001 1 1.9249150412350307 1.3709181294244857 0.14192564932869836
60 0.001 2 1.1977792916641297 1.1877183632784234 0.14265493648044975
60 0.001 3 1.0798864991167358 1.110420502407302 0.14299809181606982
60 0.001 4 1.018915054704351 1.0622107321855563 0.14318746062311966
60 0.001 5 0.9778701942695942 1.0280873178331043 0.1433213686567254
60 0.001 6 0.9480038725088094 1.0032166244652576 0.14342640203769116
60 0.001 7 0.9257979271893412 0.9848408523598773 0.14350502773596982
60 0.001 8 0.9089102056920761 0.9709456483616768 0.14354451205656038
60 0.001 9 0.8956590365676729 0.9601318389482497 0.14358685025997384
60 0.001 10 0.8848932445398418 0.9514580883987348 0.14361026459997206
60 0.001 11 0.8758400199544896 0.9442939784943238 0.14362635527125012
60 0.001 12 0.8679844892955423 0.9382196395778561 0.14363634639136053
60 0.001 13 0.860988883440449 0.9329599955847205 0.14364277083891366
60 0.001 14 0.8546370106577151 0.9283378989740024 0.1436414507813558
60 0.001 15 0.8487924885349498 0.9242382982728073 0.14364816587894028
60 0.001 16 0.8433669257556249 0.9205822114516667 0.14366234985956983
60 0.001 17 0.8382982099711642 0.9173104641492551 0.14366873633814836
60 0.001 18 0.8335381178969419 0.9143751703609527 0.1436820863509599
60 0.001 19 0.8290464344284539 0.911735809533763 0.14369739306777438
60 0.001 20 0.824788489434883 0.9093574269726293 0.14369773520549695
60 0.02 1 1.9141065936551356 1.3645511476032406 0.1420179917046766
60 0.02 2 1.1916008071717687 1.1819512211847083 0.1427319672898692
60 0.02 3 1.0763605164031087 1.1056665975863469 0.14307026896353914
60 0.02 4 1.0177940766071718 1.0586258314851926 0.1432590234678307
60 0.02 5 0.9787579092439145 1.0251704549998306 0.14340115011112545
60 0.02 6 0.9500825355758006 1.0002216950220653 0.1435012463102115
60 0.02 7 0.9284265587843904 0.9813767939525059 0.143582875636552
60 0.02 8 0.9118553449359565 0.9669342326602494 0.14364587385766808
60 0.02 9 0.8989242423185663 0.95562773901061 0.14367777794032258
60 0.02 10 0.8885725153919694 0.9465581245321859 0.14372262929532087
60 0.02 11 0.8800494668125247 0.9390958594199114 0.1437586002012863
60 0.02 12 0.8728262565824022 0.9327958281021913 0.14378338306231067
60 0.02 13 0.8665264936443607 0.9273392861223796 0.14379986404755823
60 0.02 14 0.8608809261581646 0.9224982223972674 0.14380321146874528
60 0.02 15 0.8557001240658086 0.9181139497576181 0.14381740943776253
60 0.02 16 0.8508573879902327 0.9140824652816906 0.14383443688064487
60 0.02 17 0.8462752217039812 0.9103412229313835 0.14385798133360475
60 0.02 18 0.8419115384145943 0.9068554056542751 0.14386996109405104
60 0.02 19 0.8377455699006743 0.9036051374006328 0.14387960823990384
60 0.02 20 0.8337659481127936 0.9005760997355914 0.1438908209691888
60 0.1 1 1.8863604439932098 1.3527295407625792 0.1423844682464107
60 0.1 2 1.179639757565358 1.1721746175378644 0.14295686516228018
60 0.1 3 1.0733391134483208 1.099381542543298 0.14323062861969696
60 0.1 4 1.0226973807695938 1.0567187991384572 0.14339499052049096
60 0.1 5 0.991119659492111 1.0277065688483187 0.1435157944778155
60 0.1 6 0.9688012384073174 1.006177370712235 0.14361540964414402
60 0.1 7 0.9518119798518028 0.9893254659693499 0.14369394011657852
60 0.1 8 0.9383027050531203 0.9757103004695051 0.14376531363914405
60 0.1 9 0.9272889629461443 0.9644938642993 0.14382918848699744
60 0.1 10 0.9181684086309589 0.9551221355699487 0.1438867594311263
60 0.1 11 0.9105228816112902 0.9471941743567335 0.14394654366140552
60 0.1 12 0.9040397234565829 0.940407214036885 0.14399073656477776
60 0.1 13 0.898478445443453 0.9345291453189931 0.14404772018303494
60 0.1 14 0.8936526090064159 0.9293808037228812 0.14407664236700657
60 0.1 15 0.8894170912804421 0.9248228879222964 0.1441112145251749
60 0.1 16 0.8856582154216827 0.9207460384002158 0.14413866075005868
60 0.1 17 0.8822861003863648 0.9170634039026516 0.1441654538938023
60 0.1 18 0.8792288712345847 0.9137051666817805 0.14419086347835594
60 0.1 19 0.8764283816532787 0.9106145718741079 0.14421243244731338
60 0.1 20 0.8738371231859328 0.90774509139971 0.1442341875916661
60 1.0 1 1.7858091739055797 1.5329461574581298 0.14267034499299594
60 1.0 2 1.3814241468501396 1.4382292378675883 0.14276731316351907
60 1.0 3 1.3633857370810507 1.4109060187491949 0.1429698076367369
60 1.0 4 1.3559475985276008 1.3928625126146874 0.1431828098971291
60 1.0 5 1.3481478111881144 1.3781953696896505 0.14341610206021
60 1.0 6 1.3402728339364764 1.365854678590812 0.14363414677303915
60 1.0 7 1.332973700046948 1.3555088278271918 0.14379945909789518
60 1.0 8 1.3265840009144967 1.3469248771021478 0.14394462861026044
60 1.0 9 1.3212059863016952 1.3398821656048001 0.1440489354299029
60 1.0 10 1.3168164546935919 1.334169614656336 0.14415022760994342
60 1.0 11 1.313331795141554 1.3295915341651559 0.14425047008291933
60 1.0 12 1.3106437390404022 1.3259712363992318 0.14432848245217703
60 1.0 13 1.3086384172547598 1.3231522271187517 0.14440456573615582
60 1.0 14 1.3072062879671125 1.3209978812469445 0.14447288796757507
60 1.0 15 1.306247039451222 1.319390286237997 0.14452401337289783
60 1.0 16 1.3056716762212688 1.31822866591913 0.14456026400675634
60 1.0 17 1.3054030092523892 1.3174276273504173 0.144604982631949
60 1.0 18 1.3053752516575794 1.316915376003132 0.14464260062546136
60 1.0 19 1.3055331373249741 1.3166319877114807 0.14466771407022994
60 1.0 20 1.3058308165298618 1.3165277903735486 0.14468928448678045
