10 0.001 1 1.038897475808149 0.9535744853509668 0.1445997696690792
10 0.001 2 0.919758966779437 0.907926139529857 0.14478049813688443
10 0.001 3 0.89172138960246 0.8917577445135311 0.1448301511627641
10 0.001 4 0.878898947443764 0.8836728419855177 0.14482121327561137
10 0.001 5 0.8715911094326924 0.879004330415392 0.14481783196898468
10 0.001 6 0.8669238604455549 0.8760724820029123 0.14481844988071949
10 0.001 7 0.8637113445184087 0.8741225317079739 0.14480734773858528
10 0.001 8 0.8613702430499458 0.8727648813693295 0.14480522185370798
10 0.001 9 0.859577367852342 0.8717765537960334 0.14479805577760163
10 0.001 10 0.8581357645746188 0.8710177330174805 0.1447880703503019
10 0.001 11 0.856914130253208 0.8703920766570976 0.1447819251507529
10 0.001 12 0.855816288690068 0.8698261006166593 0.1447852447747514
10 0.001 13 0.8547648181014469 0.8692582547649494 0.14478008104603043
10 0.001 14 0.8536927540135251 0.8686342694433778 0.14477774356374687
10 0.001 15 0.8525413348623035 0.8679077957598781 0.144777239247933
10 0.001 16 0.8512630912195013 0.8670456006961601 0.1447608337794213
10 0.001 17 0.8498287071868131 0.866034777753268 0.14475151167512634
10 0.001 18 0.8482336049930068 0.864886945207927 0.14475348508044592
10 0.001 19 0.8464987188695519 0.863634719022206 0.14475251777893863
10 0.001 20 0.844662798565231 0.862320903137781 0.14476269524335908
10 0.02 1 1.0381810186294942 0.9505342777219372 0.14470563271053155
10 0.02 2 0.9195431416423167 0.906069331871255 0.14479088080022112
10 0.02 3 0.8916387588687237 0.8902357112737457 0.14480297322072191
10 0.02 4 0.8788690926526437 0.8823238445692831 0.14481035401182166
10 0.02 5 0.8716063487727858 0.8777610008395684 0.14481665660857163
10 0.02 6 0.8669823000348025 0.8748968278870998 0.14481041100094252
10 0.02 7 0.8638137220188732 0.8729912841139774 0.14480621870407445
10 0.02 8 0.8615203938749827 0.8716645354523006 0.1448050304794281
10 0.02 9 0.8597830280533751 0.8707015804714288 0.14480647037405855
10 0.02 10 0.8584097136845832 0.8699703771954991 0.14480064713628618
10 0.02 11 0.8572757564959468 0.8693831248801585 0.14479830481294298
10 0.02 12 0.8562934702301701 0.8688761120565118 0.14479575752800675
10 0.02 13 0.8553956556657472 0.8683984523916287 0.14480162247794082
10 0.02 14 0.8545261003055098 0.8679057052262149 0.14480618872186682
10 0.02 15 0.853634378784967 0.8673568847808899 0.14481195112141054
10 0.02 16 0.8526740896612521 0.8667145628779878 0.14480282813963957
10 0.02 17 0.8516044565804712 0.8659480748566458 0.1448082918995035
10 0.02 18 0.8503950185541269 0.8650391087066425 0.14480181672745177
10 0.02 19 0.8490318362178677 0.8639873064519107 0.14481181901361095
10 0.02 20 0.8475219111978209 0.8628121995554406 0.14480883112441056
10 0.1 1 1.0450032040117712 0.9505527107349493 0.14482298681799222
10 0.1 2 0.9264234394025586 0.9097067585242248 0.14489974295731345
10 0.1 3 0.8992816035374396 0.8949684050113169 0.14491175906731052
10 0.1 4 0.8867813150526508 0.8875431065189378 0.1449064786128618
10 0.1 5 0.8796374034837878 0.883205972016742 0.14490461232617022
10 0.1 6 0.8750700677547268 0.8804343588730438 0.14490396586203175
10 0.1 7 0.8719337778506203 0.8785500875159804 0.1448917493296389
10 0.1 8 0.8696689236115756 0.8772088093605065 0.14489732836728217
10 0.1 9 0.8679702084137384 0.8762190240578274 0.1448979715508974
10 0.1 10 0.8666574807592491 0.8754668122407921 0.14490416025012368
10 0.1 11 0.865617974592795 0.8748807794526309 0.14490301937011585
10 0.1 12 0.8647777644139942 0.8744142719452115 0.14490312207067768
10 0.1 13 0.8640865378139894 0.8740357287275282 0.14489715932233005
10 0.1 14 0.8635089648464968 0.8737231560942096 0.1448955935814457
10 0.1 15 0.8630195585287846 0.8734608178008615 0.14489133392824868
10 0.1 16 0.8625994850982195 0.8732371752064657 0.14489373387923035
10 0.1 17 0.8622345127720251 0.8730435615553799 0.14489378303205885
10 0.1 18 0.8619136504313177 0.872873302096696 0.14489494181129647
10 0.1 19 0.8616282174834953 0.8727211124638633 0.14489570425449444
10 0.1 20 0.8613711900508012 0.872582674485826 0.14489349807415244
10 1.0 1 1.4210262357415229 1.3898075557106209 0.14466524649956589
10 1.0 2 1.3637133603141847 1.3560053599940032 0.1447945244379506
10 1.0 3 1.3458091762343616 1.343992885649411 0.14483914958059818
10 1.0 4 1.3369686265331937 1.3375937682657826 0.14485938067704876
10 1.0 5 1.3316507833326046 1.3336357831886745 0.14486842734721472
10 1.0 6 1.3281320113366875 1.330979757610553 0.1448750006942961
10 1.0 7 1.3256617792047831 1.3291027153767028 0.14487595119961724
10 1.0 8 1.3238553837734301 1.327727767106757 0.14487820955248193
10 1.0 9 1.3224941394704528 1.3266937284712557 0.144880275782242
10 1.0 10 1.3214443483392537 1.3259001986538108 0.1448839861766508
10 1.0 11 1.3206197075451422 1.3252814002162032 0.14488726248634004
10 1.0 12 1.3199621078287698 1.3247925278080797 0.144889520888467
10 1.0 13 1.3194310818573485 1.3244021034322055 0.1448913537288895
10 1.0 14 1.3189976610981613 1.324087449169603 0.1448953330241297
10 1.0 15 1.3186406276234746 1.323831882408285 0.14489660692293058
10 1.0 16 1.3183441365777016 1.3236229127562926 0.14489710822713386
10 1.0 17 1.3180961579178943 1.3234510466122684 0.14489813224149248
10 1.0 18 1.317887426181138 1.323308973617247 0.1448968243339557
10 1.0 19 1.3177107153652614 1.323191000394181 0.14489734111391409
10 1.0 20 1.3175603276295933 1.3230926485867363 0.14489799199286257
20 0.001 1 1.0712269325963208 0.9812765041587348 0.14329638444587722
20 0.001 2 0.9387599092605123 0.9276008664029364 0.1438806198535826
20 0.001 3 0.9063949992406739 0.9079059859994699 0.14411606493980025
20 0.001 4 0.8905651465379276 0.8974111822554067 0.1442420393385318
20 0.001 5 0.8809031931038852 0.8909660975145265 0.14432181574077343
20 0.001 6 0.8743249234172846 0.88666401354651 0.14438864982095204
20 0.001 7 0.8695131786279094 0.8836207289157769 0.14442673283341342
20 0.001 8 0.8657960553115097 0.8813633041642084 0.14445266549781907
20 0.001 9 0.8627859234567206 0.8796094263551759 0.14447285430422938
20 0.001 10 0.8602353617378106 0.8781733627485468 0.1444715090543198
20 0.001 11 0.8579713403064515 0.8769215507024466 0.1444781432112778
20 0.001 12 0.855863189906732 0.8757514211980041 0.14448594684026095
20 0.001 13 0.853808264737178 0.8745835288831972 0.14449844866077724
20 0.001 14 0.8517287178075326 0.8733622234874184 0.144501415263663
20 0.001 15 0.8495748485156356 0.8720600614443289 0.14450486696177073
20 0.001 16 0.8473290941348062 0.8706795089802633 0.14450705394016358
20 0.001 17 0.8450041011358751 0.8692468149718168 0.144508172083932
20 0.001 18 0.8426323406846564 0.8677991350203346 0.14451298998175824
20 0.001 19 0.840251707063445 0.8663717164886189 0.14451237302162984
20 0.001 20 0.837894374160677 0.8649908629981804 0.14452172368391442
20 0.02 1 1.0675012452423804 0.9804342848004683 0.14344509372299516
20 0.02 2 0.9362569978193083 0.9258755640626384 0.14398123459275874
20 0.02 3 0.9044325618916905 0.9060853385503946 0.1441926074800586
20 0.02 4 0.8890064149234188 0.8955547036553514 0.1443181223617383
20 0.02 5 0.8796459664024587 0.8890808795055516 0.1443881532577753
20 0.02 6 0.8733139323971352 0.8847497790824614 0.14444100283843175
20 0.02 7 0.8687211428050345 0.881679404702488 0.14448202184798198
20 0.02 8 0.8652147852874923 0.8794028212358965 0.14450573364498331
20 0.02 9 0.8624230182226853 0.8776463840022155 0.14452072292824844
20 0.02 10 0.8601137065580529 0.8762353564413694 0.14453191154624292
20 0.02 11 0.8581295995070792 0.8750486542118434 0.14454926041873925
20 0.02 12 0.8563553973571463 0.8739952885402816 0.1445549693123784
20 0.02 13 0.8547000411144214 0.8730018270235813 0.14455778291772486
20 0.02 14 0.8530875710843763 0.8720066177945859 0.14457372912793812
20 0.02 15 0.8514539468914143 0.8709591096155084 0.1445819826951868
20 0.02 16 0.8497486206167283 0.8698231149492454 0.14457928168563655
20 0.02 17 0.8479392636625721 0.8685818324775021 0.14459384910105103
20 0.02 18 0.8460165107407631 0.8672408950870935 0.1445929451369996
20 0.02 19 0.8439945870066535 0.865825806083267 0.1446152416937972
20 0.02 20 0.8419053919847929 0.8643733580315893 0.14462683013178573
20 0.1 1 1.0564405593595185 0.9817165542379432 0.1435680394808414
20 0.1 2 0.9334525595202967 0.9266377978517017 0.1440722798981729
20 0.1 3 0.903703405058356 0.9070193736709765 0.144295208521542
20 0.1 4 0.889659904175765 0.8966390153602383 0.1444121612940413
20 0.1 5 0.8813266312679442 0.8902816997576226 0.14448298519401406
20 0.1 6 0.8758292342673756 0.8860447629309222 0.14453727942796635
20 0.1 7 0.8719581439521362 0.8830565263872386 0.144583405499337
20 0.1 8 0.8691069542640394 0.8808604059208623 0.14461155467854178
20 0.1 9 0.8669361791386393 0.8791945147294163 0.1446275671325864
20 0.1 10 0.8652403927611626 0.8778982530146592 0.14464839591083345
20 0.1 11 0.8638877821110325 0.8768678640491868 0.14466487960893357
20 0.1 12 0.8627897440709369 0.8760334037422087 0.14468077485157205
20 0.1 13 0.8618843855910863 0.8753459851315035 0.1446989541885803
20 0.1 14 0.8611270111868509 0.8747703203783739 0.14470961743311034
20 0.1 15 0.8604843578478473 0.8742801559804869 0.14472360380730193
20 0.1 16 0.8599309483022418 0.8738553648291069 0.1447321945201843
20 0.1 17 0.8594466951290683 0.8734800257716254 0.14474071436938593
20 0.1 18 0.859015271468875 0.8731411127125129 0.1447505113258768
20 0.1 19 0.858622967669288 0.8728275727462829 0.14475702376329755
20 0.1 20 0.8582578668907493 0.8725296621732509 0.1447632009479162
20 1.0 1 1.2270811923836424 1.3283773008125892 0.14341209429485055
20 1.0 2 1.2607861464316004 1.295466766902457 0.1440185050096261
20 1.0 3 1.2700288684111298 1.2942385871131248 0.14428082177086557
20 1.0 4 1.2784249638035188 1.2964980075988561 0.14445577129163997
20 1.0 5 1.2846188552369828 1.2991907185242073 0.14455834890067898
20 1.0 6 1.2893170431111978 1.3017178367082696 0.14461594528901725
20 1.0 7 1.2930072828658752 1.30396503003491 0.14464757079814025
20 1.0 8 1.2959900401044497 1.305935381856941 0.14468014113997413
20 1.0 9 1.298455203579428 1.3076597157216279 0.14471805139162638
20 1.0 10 1.300527971951328 1.309172044025367 0.14473909538042434
20 1.0 11 1.3022943640494282 1.3105030015224184 0.14475984239528716
20 1.0 12 1.303815690525751 1.3116786086904129 0.14478197882390864
20 1.0 13 1.30513707267447 1.3127205816118246 0.14479282138104416
20 1.0 14 1.3062926514471171 1.3136470025367606 0.14479953287675618
20 1.0 15 1.30730888676564 1.314472986341982 0.14480690017431255
20 1.0 16 1.3082067146945524 1.3152112465692511 0.14481348267854055
20 1.0 17 1.3090029987890768 1.315872551077683 0.144821366527469
20 1.0 18 1.3097115322233837 1.3164660821091985 0.14482707982604973
20 1.0 19 1.3103437463404857 1.3169997198113506 0.14483243775607615
20 1.0 20 1.310909222662201 1.3174802662706062 0.14483194159805576
30 0.001 1 1.2656068854278275 1.0854912667804257 0.1425840063480957
30 0.001 2 0.9996624283934115 0.988360876707612 0.14329160815073758
30 0.001 3 0.9460349573882091 0.9534793329868008 0.14361628079401398
30 0.001 4 0.9204548683445061 0.9345013172659711 0.14379727946226833
30 0.001 5 0.9047467338121506 0.9225514543793071 0.14392159310221914
30 0.001 6 0.8939417627903822 0.9143650647117115 0.14401082608163132
30 0.001 7 0.8859513233576326 0.9084228526799119 0.14407444335253075
30 0.001 8 0.8797176951901778 0.903911059357073 0.14411511088501727
30 0.001 9 0.8746362938539731 0.9003471114257606 0.1441408604431261
30 0.001 10 0.8703273651859835 0.8974195109839781 0.14416907107555732
30 0.001 11 0.8665321691982037 0.8949116839937695 0.14419465944629456
30 0.001 12 0.8630622536972377 0.892664506837602 0.14420568987044008
30 0.001 13 0.8597754832536938 0.8905597057833282 0.14421700795327944
30 0.001 14 0.856567542319026 0.88851538785539 0.14421976280075433
30 0.001 15 0.8533716438235823 0.8864864967172482 0.14422473563135277
30 0.001 16 0.8501589099374391 0.8844626391337326 0.14424349216546625
30 0.001 17 0.846932743939399 0.8824586502442913 0.14423848247167356
30 0.001 18 0.8437159118013844 0.8805001965226296 0.14424681098029452
30 0.001 19 0.8405357764764778 0.878611354178132 0.14425276009844812
30 0.001 20 0.8374143290282114 0.8768086382753457 0.14425314337832545
30 0.02 1 1.2594961976413026 1.0849285228919776 0.14263629884723975
30 0.02 2 0.9963978839101398 0.9866221341195219 0.14333918674318824
30 0.02 3 0.9433422006556882 0.9512943447458504 0.1436652511068646
30 0.02 4 0.9182490492259486 0.9320499433682007 0.1438317919044144
30 0.02 5 0.9029380918197838 0.9198955221683477 0.14395538849852346
30 0.02 6 0.8924762266643713 0.9115336002317491 0.14404329843166308
30 0.02 7 0.8848013416493369 0.9054363310662685 0.14411050957924926
30 0.02 8 0.8788751193393672 0.9007904161483662 0.1441739921679291
30 0.02 9 0.8741091644644888 0.8971184233953391 0.14421931566799856
30 0.02 10 0.8701391162139033 0.8941171439968156 0.14425219661135574
30 0.02 11 0.8667216448867058 0.8915800077641998 0.14428692963549117
30 0.02 12 0.8636826321731096 0.8893568767455728 0.14430331423285436
30 0.02 13 0.8608897432265441 0.8873327454016221 0.14431569221096055
30 0.02 14 0.8582384260890292 0.8854175048801111 0.14433053436959545
30 0.02 15 0.8556464981820797 0.8835429884295932 0.14434482990304753
30 0.02 16 0.853054411867851 0.8816643536442577 0.14436286828403128
30 0.02 17 0.8504279533424633 0.8797620771378568 0.14437655978333974
30 0.02 18 0.8477592031750386 0.8778404608245582 0.14438732499678705
30 0.02 19 0.8450623135165363 0.8759206341053993 0.14439982310009947
30 0.02 20 0.8423640726580507 0.8740301242001046 0.14441551671779448
30 0.1 1 1.2411877819146477 1.081935528956501 0.14282420482735875
30 0.1 2 0.9893083038943569 0.9835417907045746 0.1434835766364863
30 0.1 3 0.9400190918472778 0.9491363947010495 0.14377830455035073
30 0.1 4 0.9174679909549391 0.9305738402407131 0.14396569649274144
30 0.1 5 0.90401543328584 0.9189001404626495 0.14408220946780873
30 0.1 6 0.895012985367429 0.9108844991386168 0.1441716898206154
30 0.1 7 0.8885481637316891 0.9050453159106548 0.1442319357577875
30 0.1 8 0.8836723343873596 0.9006024946552551 0.14428531808008885
30 0.1 9 0.8798580132665055 0.8971058304199371 0.14433538819091077
30 0.1 10 0.8767877042451768 0.8942776342536514 0.14437643081224097
30 0.1 11 0.8742586350971052 0.891937611225238 0.14440631364451667
30 0.1 12 0.8721351005967458 0.8899637463626623 0.144435911460761
30 0.1 13 0.87032270308181 0.888270533894941 0.14446269645688772
30 0.1 14 0.8687535557098878 0.8867961925322342 0.14448972438618
30 0.1 15 0.8673773502588789 0.8854948148642809 0.1445108651722354
30 0.1 16 0.8661557346635069 0.8843313582937888 0.14453172879321532
30 0.1 17 0.8650586432118899 0.8832783398638162 0.14455193338641392
30 0.1 18 0.8640618235121194 0.8823135900093712 0.14456925877042062
30 0.1 19 0.8631451230693247 0.8814186873975862 0.1445873048519684
30 0.1 20 0.8622912758625838 0.8805778487133061 0.14460438918903845
30 1.0 1 1.2861473619512562 1.3603609357389053 0.14295527401745825
30 1.0 2 1.257677696650212 1.3064352847229492 0.14354378093699727
30 1.0 3 1.2642286319624423 1.300212559467304 0.14385548958675276
30 1.0 4 1.2722973847650838 1.2995252095335785 0.14407332767333988
30 1.0 5 1.2781710925333816 1.3001074941709438 0.1442167688185554
30 1.0 6 1.2825902999682075 1.3010869313668514 0.14433355470011072
30 1.0 7 1.28610927602277 1.3022142868806748 0.14441687183774368
30 1.0 8 1.289043456346648 1.303396415562047 0.14450070259407344
30 1.0 9 1.2915715272766457 1.3045891817607946 0.14456578600171333
30 1.0 10 1.2937984564076952 1.3057672803001708 0.14462009179496382
30 1.0 11 1.2957888375699893 1.3069143902556308 0.14464971365598517
30 1.0 12 1.2975844988976395 1.3080194843017814 0.14467979800063258
30 1.0 13 1.2992140459040695 1.3090751719182543 0.1446996759599974
30 1.0 14 1.3006981827988124 1.3100767724723419 0.14472117494654205
30 1.0 15 1.3020527524130008 1.3110216862356388 0.1447386096654018
30 1.0 16 1.3032905060478197 1.3119089153490489 0.1447505729125325
30 1.0 17 1.304422149174263 1.3127386808097643 0.14476431821863664
30 1.0 18 1.3054569669924319 1.3135121124825184 0.1447808590945981
30 1.0 19 1.3064032033827095 1.3142309991336922 0.14478632764365149
30 1.0 20 1.3072682941307585 1.3148975888243621 0.1447952131881475
60 0.001 1 1.9223540675151527 1.371379268043916 0.14190776288144769
60 0.001 2 1.1971958596381373 1.1882155578262696 0.1426133474969922
60 0.001 3 1.079100250297629 1.1100601162084431 0.14294940601177059
60 0.001 4 1.0174851756642536 1.0609274738143748 0.14315479972780676
60 0.001 5 0.9760190340641226 1.0264071084324022 0.14329623383096832
60 0.001 6 0.9461856989174873 1.0015944881794399 0.1434037920173855
60 0.001 7 0.9242426893264097 0.9834347737834008 0.14347487223437863
60 0.001 8 0.907648230016603 0.9697690823974381 0.14350961281736999
60 0.001 9 0.8946530661934536 0.9591585912971617 0.1435585303985082
60 0.001 10 0.8840972483520083 0.9506569157241853 0.1435890884742596
60 0.001 11 0.8752145836456304 0.9436366568572485 0.143609946937116
60 0.001 12 0.8674981091014432 0.9376816359178803 0.14363579053071138
60 0.001 13 0.8606162503105247 0.9325198684952036 0.1436575599485756
60 0.001 14 0.8543575649479092 0.927977061351474 0.1436613727123581
60 0.001 15 0.8485897475833389 0.9239411571900766 0.14365631122857067
60 0.001 16 0.8432281676707312 0.9203362453209666 0.14365192497488902
60 0.001 17 0.8382140706285556 0.9171059902540545 0.14364406638685429
60 0.001 18 0.8335019919184563 0.9142048767613854 0.14364794690499738
60 0.001 19 0.829053806360972 0.9115942366419191 0.1436453708039265
60 0.001 20 0.8248363339817092 0.9092405194053947 0.14364820570071973
60 0.02 1 1.9143530138613138 1.3634481386864625 0.14209406304456293
60 0.02 2 1.191758701339868 1.1810139208532306 0.14278532896567767
60 0.02 3 1.0763690032136686 1.1047480104439256 0.14310409201608779
60 0.02 4 1.017857508155794 1.057807174156287 0.14329170567037094
60 0.02 5 0.9789136199491463 1.0244217899521406 0.14341983929550797
60 0.02 6 0.9502512374758291 0.999468668127424 0.1435372389541655
60 0.02 7 0.9285359863005277 0.9805934934332199 0.1436146451115109
60 0.02 8 0.9118864358838642 0.9661317531992036 0.1436635557098873
60 0.02 9 0.8988843114777382 0.9548229287738739 0.14371677510209116
60 0.02 10 0.8884726946290147 0.9457627489475104 0.14376488943009827
60 0.02 11 0.8798981271335561 0.9383158636895995 0.14378841950018786
60 0.02 12 0.8726286324693427 0.9320330961694481 0.14381786197908486
60 0.02 13 0.8662860533980266 0.9265939496563876 0.143824615111965
60 0.02 14 0.8606013032123078 0.9217709352832241 0.14384506050744525
60 0.02 15 0.8553869574537005 0.9174075690278973 0.14386139831400968
60 0.02 16 0.850519352263542 0.9134025739835656 0.14387181017978098
60 0.02 17 0.8459237294104819 0.909695338651802 0.14387118817420025
60 0.02 18 0.8415592499353577 0.9062514009908613 0.14388704069159217
60 0.02 19 0.8374045046934937 0.9030497576185882 0.14389353737676758
60 0.02 20 0.8334460690322157 0.9000741699911688 0.14391060821562618
60 0.1 1 1.8870004088963086 1.351010534923837 0.14230606442783253
60 0.1 2 1.179402424954356 1.1710703187134184 0.14291104630342355
60 0.1 3 1.0735932523523768 1.098994263392012 0.14318653352369207
60 0.1 4 1.0236703872217356 1.0571076486485913 0.1433713697375479
60 0.1 5 0.9928859715774988 1.0289131452392368 0.14348557764403336
60 0.1 6 0.9713483235313708 1.008154612502748 0.14359114345956958
60 0.1 7 0.955024420608494 0.9919213145760281 0.14368471247665318
60 0.1 8 0.9419820824905354 0.978710427908103 0.14375708685199706
60 0.1 9 0.931210640275655 0.9676862352012586 0.14381816367816053
60 0.1 10 0.9221373791755756 0.9583414864041728 0.14387624753596015
60 0.1 11 0.9144011124235508 0.9503334965728243 0.14393461940845345
60 0.1 12 0.9077454870294718 0.9434079382884087 0.14398016778772946
60 0.1 13 0.9019722297622752 0.9373653972425303 0.14402666536194142
60 0.1 14 0.8969217586559017 0.9320460777169866 0.1440678465258125
60 0.1 15 0.8924642349425784 0.9273211363763826 0.14409983313513197
60 0.1 16 0.888493932836993 0.9230864040737139 0.14413635284056547
60 0.1 17 0.8849247039923365 0.9192573170105226 0.14417357438265768
60 0.1 18 0.8816861115304537 0.9157648068392897 0.14420359074078778
60 0.1 19 0.8787202333177146 0.9125520637533437 0.144232645209762
60 0.1 20 0.8759791395519322 0.9095720718957534 0.1442608561982793
60 1.0 1 1.7852970342445726 1.5331508102773248 0.14267821536982248
60 1.0 2 1.3814014405229134 1.4406394402608005 0.1427379657759135
60 1.0 3 1.363369135847547 1.413794563893955 0.1429315684537492
60 1.0 4 1.3559268261115418 1.3957174489012203 0.14317399682834717
60 1.0 5 1.3481262562879153 1.3808630091444487 0.14339673005520573
60 1.0 6 1.3402521133358343 1.368297179176064 0.14360447079581384
60 1.0 7 1.3329560594378407 1.3577271096062309 0.1437591752606896
60 1.0 8 1.3265717584915324 1.3489318029122712 0.14391159073042173
60 1.0 9 1.321200728490157 1.3416934693620979 0.14403068970002053
60 1.0 10 1.3168188308911226 1.3358010507034017 0.1441418892273842
60 1.0 11 1.3133416684981751 1.3310581215996051 0.14424206552812954
60 1.0 12 1.310660440277556 1.3272871504368489 0.1443019642301371
60 1.0 13 1.3086609813288754 1.3243308432207523 0.14438332275177182
60 1.0 14 1.307233634672965 1.322051818510879 0.1444491414857073
60 1.0 15 1.3062780950465809 1.3203314183249786 0.14451696071525513
60 1.0 16 1.3057054462216755 1.3190681076319142 0.14455915392219146
60 1.0 17 1.3054386154469007 1.318175713189941 0.14460278405509203
60 1.0 18 1.3054119451626889 1.3175816439587935 0.14464012457081896
60 1.0 19 1.3055702969184604 1.3172251758005955 0.14466605627782597
60 1.0 20 1.305867938850749 1.317055848420001 0.14468004882884847
